There were 10 hidden nodes and 3 output nodes. These are the initial hidden node weights:
0.74,0.18,0.53,0.24,0.76,0.02,0.26,0.95,0.65,0.26,0.94,0.13
0.07,0.13,0.36,0.86,0.89,0.52,0.73,0.88,0.4,0.08,0.07,0.74
0.86,0.59,0.43,0.05,0.99,0.3,0.06,0.95,0.77,0.92,0.14,0.98
0.4,0.83,0.98,0.17,0.04,0.03,0.8,0.34,0.96,0.97,0.23,0.52
0.83,0.27,0.49,0.29,0.12,0.1,0.61,0.29,0.3,0.17,0.38,0.7
0.54,0.96,0.02,0.91,0.35,0.37,0.94,0.43,0.01,0.47,0.56,0.38
0.46,0.93,0.65,0.75,0.62,0.98,0.96,0.3,0.17,0.86,0.93,0.27
0.03,0.5,0.79,0.53,0.07,0.66,0.35,0.12,0.73,0.32,0.05,0.68
0.43,0.36,0.56,0.46,0.11,0.63,0.66,0.7,0.43,0.26,0.54,0.03
0.22,0.43,0.43,0.08,0.35,0.83,0.34,0.77,0.84,0.43,0.79,0.25
These are the initial output node weights:
0.5,0.41,0.33,0.59,0.83,0.99,0.44,0.24,0.29,0.27,0.49
0.31,0.21,0.42,0.17,0.32,0.16,0.83,0.58,0.71,0.32,0.37
0.47,0.1,0.26,0.49,0.51,0.62,0.89,0.33,0.66,0.35,0.81
Training Root Mean Squared Error: 9.326700756491974E-4
Validation Root Mean Squared Error: 0.0
Final weight vectors for the output nodes:
-0.8240774632523259,-14.07527296917741,3.4177774445870415,6.599472253223539,12.64242726218171,2.890105099015775,-7.628926463133712,2.875742139080504,-2.1984257772616758,-3.592877392972834,-0.7650612393247178
0.6148825534183917,9.871243872021527,-2.201805892728763,-4.842464784591191,-7.991055866605178,-2.352387490206085,5.098576644945813,-3.770549308750769,1.890314417183677,1.425821998807166,-0.5358782862891451
-0.6842625088422668,3.0540953691558808,-2.3617978188215645,-0.726750158774625,-6.040187307571092,-0.30950917176498566,2.1135900683419955,2.6424255283268883,0.07336145168956885,3.694549039216912,-2.2834527717946114

Final weight vectors for the hidden nodes:
-0.16012123001962733,-0.3337985979001059,0.3746063594710358,-0.5402426380053508,0.6340085181960926,-1.280164866963199,0.3658248934742652,0.9390589541173346,0.6417954901693418,0.28492986228510825,1.4894127186696289,-3.384501647769124
-2.2293215614053796,-20.334782628318422,-2.82626090185503,0.06017229703204638,-6.68126282788255,-6.0818500154817725,5.244767639478559,0.8033141563732046,2.349613304104186,2.0437542143625893,55.963211443474265,-2.878375581244714
-18.19966512895589,4.891022660554632,-4.913553113439379,-0.15495535964473936,2.148220021605942,5.805436751680308,6.789413273054199,0.9594424285602132,0.4645207044639851,0.49447649622841483,-6.819366165012711,1.5588827856633727
7.889436391946064,11.301844087243934,-4.143088085676329,-12.032105866355787,3.8760836405835075,-17.632371430900843,16.391771386172582,0.3629105932261204,-0.014362840161460522,0.06017594794868264,-29.830993537794587,-4.5447404262728766
-0.03620240522256699,2.70103033554999,-5.422091244358187,1.969326930417005,9.411094549527927,-12.648954098157263,-3.5182570044385724,0.3931517875986425,-1.5616041954750788,-1.871134711591353,-73.68161048569495,5.025798885560559
0.8102486373388463,8.35284316332454,-6.547934267948826,24.09318704043734,3.2178580870679685,0.5740308051562047,17.79831402787431,0.40266918922018646,-0.8335756410047311,0.22256945012986543,-16.06133420301127,-15.700884674862426
2.486728192009446,-11.797501925837105,-5.000400200296753,4.099310855541795,-4.941301491853735,-11.768688956807486,-9.391587550441786,0.2579900219678577,1.7812673679567195,2.313500080290648,42.92040025726371,2.6162521932690685
-8.177514440286206,1.3869421031613072,0.09133157713677956,1.0794771368015383,0.18150195615924433,-3.60567847624544,-4.916813162055774,0.12562331445468053,0.737441254001254,0.27398331841216456,-0.07311043408254246,2.579759952015681
-1.414954226863409,-2.067097112321508,1.1693437059335017,-0.04608325075685191,-0.6606076223112552,1.0840155479071816,-0.9223770121213299,0.6884865375312608,0.6100691498461499,0.49057440687766496,5.610033277315142,-1.8770081984285287
-7.1677559505138015,1.460995200625321,3.338508144207664,0.8362930123237147,-0.5621495415521888,6.088420219931794,-8.283747348243686,0.7654786550279256,1.1235804887950362,0.7841312657454533,8.598368081844413,1.8177856372175984

0.4523809523809522,0.01989766913018761,0.04719101123595505,0.40694789081885857,0.002183622828784119,0.5555555555555556,0.7903225806451613,0.004014596774193548,0.012661290322580645,0.001935483870967742,0.03790322580645161,5.0,0.0
0.4285714285714285,0.01648664013644116,0.056179775280898875,0.3771712158808933,0.0023325062034739454,0.5,0.7419354838709677,0.004015,0.012782258064516128,0.0018145161290322581,0.037096774193548385,5.0,0.0
0.4999999999999999,0.024445707788516204,0.03595505617977528,0.4317617866004963,0.0014392059553349878,0.28703703703703703,0.42338709677419356,0.003997822580645161,0.012096774193548387,0.001370967741935484,0.04959677419354839,7.0,0.0
0.738095238095238,0.01648664013644116,0.041573033707865165,0.04962779156327544,0.0021339950372208437,0.09259259259259259,0.3225806451612903,0.003997096774193549,0.012419354838709677,0.001532258064516129,0.04596774193548387,5.0,0.0
0.21428571428571416,0.0017055144968732233,0.03707865168539326,0.14392059553349876,0.002183622828784119,0.19444444444444445,0.29435483870967744,0.00398774193548387,0.012782258064516128,0.0012903225806451613,0.052016129032258066,8.0,0.0
0.3809523809523809,0.013075611142694713,0.038202247191011236,0.24813895781637718,0.0015880893300248141,0.3333333333333333,0.375,0.003992419354838709,0.013185483870967742,0.0014516129032258063,0.05443548387096774,7.0,0.0
0.3095238095238095,0.024445707788516204,0.033707865168539325,0.09429280397022333,0.0016377171215880895,0.37962962962962965,0.5725806451612904,0.003988387096774193,0.013266129032258064,0.0016935483870967741,0.05161290322580645,7.0,0.0
0.3809523809523809,0.009664582148948267,0.03258426966292134,0.09925558312655088,0.0010918114143920596,0.3055555555555556,0.3870967741935484,0.003987983870967742,0.012258064516129033,0.00217741935483871,0.05161290322580645,7.0,0.0
0.3095238095238095,0.024445707788516204,0.033707865168539325,0.09429280397022333,0.0016377171215880895,0.37962962962962965,0.5725806451612904,0.003988387096774193,0.013266129032258064,0.0016935483870967741,0.05161290322580645,7.0,0.0
0.47619047619047616,0.040363843092666295,0.030337078651685393,0.2580645161290323,0.0019354838709677422,0.32407407407407407,0.3870967741935484,0.003997137096774193,0.012741935483870969,0.0017741935483870969,0.05,7.0,0.0
0.3809523809523809,0.022171688459351906,0.03258426966292134,0.10421836228287842,0.0023821339950372213,0.3055555555555556,0.5725806451612904,0.003990161290322581,0.012983870967741937,0.0018548387096774194,0.052016129032258066,7.0,0.0
0.3095238095238095,0.009664582148948267,0.03258426966292134,0.054590570719602986,0.0023325062034739454,0.6203703703703703,0.6129032258064516,0.003998387096774194,0.014274193548387097,0.002379032258064516,0.04475806451612903,7.0,0.0
0.28571428571428575,0.015349630471859011,0.03146067415730337,0.06451612903225808,0.0015880893300248141,0.3333333333333333,0.38306451612903225,0.003987459677419355,0.012419354838709677,0.0025806451612903226,0.052016129032258066,7.0,0.0
0.619047619047619,0.0045480386583285955,0.03707865168539326,0.054590570719602986,0.0020843672456575687,0.12962962962962962,0.25806451612903225,0.003992419354838709,0.0125,0.0014919354838709678,0.047580645161290326,7.0,0.0
0.2619047619047618,0.008527572484366117,0.041573033707865165,0.05955334987593052,0.0017866004962779156,0.17592592592592593,0.29838709677419356,0.0039860080645161295,0.012459677419354838,0.001975806451612903,0.05120967741935484,7.0,0.0
0.4523809523809522,0.00625355315520182,0.03932584269662921,0.08933002481389579,0.0020843672456575687,0.24074074074074073,0.42338709677419356,0.003990403225806452,0.012862903225806452,0.0030241935483870967,0.05,7.0,0.0
0.09523809523809511,0.011938601478112564,0.03146067415730337,0.06947890818858561,0.0023325062034739454,0.4444444444444444,0.5967741935483871,0.003998709677419355,0.014112903225806451,0.001975806451612903,0.041935483870967745,5.0,0.0
0.6666666666666666,0.021034678794769755,0.04044943820224719,0.7791563275434243,0.002481389578163772,0.26851851851851855,0.5,0.004019354838709677,0.012338709677419355,0.00217741935483871,0.041935483870967745,5.0,0.0
0.23809523809523808,0.017623649801023312,0.033707865168539325,0.08933002481389579,0.0019354838709677422,0.2777777777777778,0.42338709677419356,0.003991733870967742,0.014032258064516129,0.002096774193548387,0.05040322580645161,7.0,0.0
0.4999999999999999,0.01648664013644116,0.03146067415730337,0.24813895781637718,0.0017369727047146404,0.3888888888888889,0.5080645161290323,0.003993870967741935,0.012580645161290323,0.001532258064516129,0.050806451612903224,7.0,0.0
0.4523809523809522,0.00739056281978397,0.03146067415730337,0.08933002481389579,0.0020843672456575687,0.5740740740740741,0.717741935483871,0.0040001612903225806,0.012701612903225806,0.0016935483870967741,0.04112903225806451,5.0,0.0
0.2619047619047618,0.00739056281978397,0.04044943820224719,0.06451612903225808,0.0017866004962779156,0.10185185185185185,0.28225806451612906,0.00400008064516129,0.013830645161290324,0.002741935483870968,0.041935483870967745,7.0,0.0
0.40476190476190477,0.015349630471859011,0.03258426966292134,0.04962779156327544,0.0018858560794044665,0.16666666666666666,0.49193548387096775,0.0039943548387096775,0.013306451612903225,0.0016935483870967741,0.046370967741935484,5.0,0.0
0.4285714285714285,0.013075611142694713,0.03146067415730337,0.18362282878411912,0.0029280397022332506,0.26851851851851855,0.6088709677419355,0.0039990725806451615,0.013024193548387096,0.0016532258064516129,0.04879032258064516,7.0,0.0
0.4285714285714285,0.017623649801023312,0.03595505617977528,0.3300248138957817,0.0029280397022332506,0.3148148148148148,0.41935483870967744,0.004002177419354839,0.01282258064516129,0.0016935483870967741,0.04475806451612903,5.0,0.0
0.5238095238095238,0.028993746446844798,0.03146067415730337,0.6724565756823823,0.0023821339950372213,0.4722222222222222,0.7620967741935484,0.004023467741935484,0.012096774193548387,0.0024193548387096775,0.038306451612903226,7.0,0.0
0.28571428571428575,0.010801591813530418,0.03146067415730337,0.6352357320099257,0.0018858560794044665,0.26851851851851855,0.532258064516129,0.004009112903225806,0.013346774193548388,0.0022983870967741935,0.047580645161290326,7.0,0.0
0.3095238095238095,0.013075611142694713,0.03707865168539326,0.6054590570719603,0.0016377171215880895,0.23148148148148148,0.3911290322580645,0.004006290322580645,0.012782258064516128,0.0016935483870967741,0.04556451612903226,7.0,0.0
0.5714285714285713,0.008527572484366117,0.0550561797752809,0.06451612903225808,0.0016377171215880895,0.1111111111111111,0.2903225806451613,0.00399483870967742,0.012298387096774192,0.0021370967741935485,0.04556451612903226,7.0,0.0
0.6904761904761904,0.010801591813530418,0.029213483146067417,0.23821339950372208,0.0016377171215880895,0.24074074074074073,0.3064516129032258,0.003995,0.012016129032258065,0.001975806451612903,0.04959677419354839,7.0,0.0
0.5476190476190476,0.013075611142694713,0.03146067415730337,0.5260545905707196,0.0019354838709677422,0.2962962962962963,0.4717741935483871,0.00400625,0.012298387096774192,0.002217741935483871,0.046370967741935484,7.0,0.0
0.5238095238095238,0.01989766913018761,0.026966292134831458,0.10421836228287842,0.001687344913151365,0.4537037037037037,0.4879032258064516,0.003987177419354839,0.012016129032258065,0.0017338709677419354,0.0532258064516129,7.0,0.0
0.28571428571428575,0.009664582148948267,0.023595505617977526,0.08436724565756824,0.0022332506203473945,0.5277777777777778,0.5443548387096774,0.004005685483870968,0.013387096774193547,0.0017741935483870969,0.038306451612903226,5.0,0.0
0.3333333333333332,0.01989766913018761,0.030337078651685393,0.23325062034739458,0.001488833746898263,0.5185185185185185,0.5645161290322581,0.0039936290322580646,0.012741935483870969,0.0016935483870967741,0.05040322580645161,8.0,0.0
0.6904761904761904,0.028993746446844798,0.0550561797752809,0.5607940446650125,0.00228287841191067,0.8055555555555556,0.8911290322580645,0.004025806451612903,0.012137096774193548,0.0017338709677419354,0.037096774193548385,5.0,0.0
0.4285714285714285,0.01989766913018761,0.038202247191011236,0.17866004962779158,0.0019851116625310174,0.26851851851851855,0.4879032258064516,0.003996411290322581,0.013225806451612903,0.001935483870967742,0.04879032258064516,7.0,0.0
0.5238095238095238,0.009664582148948267,0.03932584269662921,0.34243176178660056,0.0022332506203473945,0.4722222222222222,0.5040322580645161,0.004005241935483871,0.0125,0.0017741935483870969,0.04314516129032258,7.0,0.0
0.4285714285714285,0.01989766913018761,0.038202247191011236,0.17866004962779158,0.0019851116625310174,0.26851851851851855,0.4879032258064516,0.003996411290322581,0.013225806451612903,0.001935483870967742,0.04879032258064516,7.0,0.0
0.3333333333333332,0.01989766913018761,0.030337078651685393,0.23325062034739458,0.001488833746898263,0.5185185185185185,0.5645161290322581,0.0039936290322580646,0.012741935483870969,0.0016935483870967741,0.05040322580645161,8.0,0.0
0.6904761904761904,0.028993746446844798,0.0550561797752809,0.5607940446650125,0.00228287841191067,0.8055555555555556,0.8911290322580645,0.004025806451612903,0.012137096774193548,0.0017338709677419354,0.037096774193548385,5.0,0.0
0.4523809523809522,0.015349630471859011,0.033707865168539325,0.5607940446650125,0.0012903225806451613,0.10185185185185185,0.31048387096774194,0.004007298387096774,0.012620967741935484,0.002217741935483871,0.05161290322580645,7.0,0.0
0.5238095238095238,0.01989766913018761,0.033707865168539325,0.41191066997518616,0.0012903225806451613,0.3425925925925926,0.45564516129032256,0.003997540322580645,0.012056451612903227,0.001532258064516129,0.04959677419354839,8.0,0.0
0.4285714285714285,0.01648664013644116,0.05056179775280899,0.38709677419354843,0.0023821339950372213,0.48148148148148145,0.7580645161290323,0.004015161290322581,0.012903225806451613,0.0021370967741935485,0.03669354838709677,5.0,0.0
0.4523809523809522,0.017623649801023312,0.051685393258426963,0.38709677419354843,0.0023325062034739454,0.4444444444444444,0.75,0.004015322580645161,0.012903225806451613,0.00217741935483871,0.03669354838709677,5.0,0.0
0.3333333333333332,0.025582717453098355,0.03595505617977528,0.38709677419354843,0.0025806451612903226,0.48148148148148145,0.7379032258064516,0.004018427419354839,0.013669354838709678,0.002620967741935484,0.038306451612903226,5.0,0.0
0.9761904761904763,0.009664582148948267,0.033707865168539325,0.24813895781637718,0.0013895781637717124,0.3148148148148148,0.4838709677419355,0.004001693548387097,0.011854838709677419,0.0018951612903225805,0.04516129032258064,5.0,0.0
0.9761904761904763,0.018760659465605463,0.028089887640449437,0.24813895781637718,0.0011910669975186106,0.48148148148148145,0.39919354838709675,0.004002016129032259,0.011572580645161291,0.001975806451612903,0.04596774193548387,5.0,0.0
0.3333333333333332,0.025582717453098355,0.03595505617977528,0.38709677419354843,0.0025806451612903226,0.48148148148148145,0.7379032258064516,0.004018427419354839,0.013669354838709678,0.002620967741935484,0.038306451612903226,5.0,0.0
1.0,0.022171688459351906,0.03932584269662921,0.228287841191067,0.0015880893300248141,0.2962962962962963,0.5967741935483871,0.004010403225806452,0.012701612903225806,0.0018145161290322581,0.046370967741935484,7.0,0.0
1.0,0.022171688459351906,0.03932584269662921,0.228287841191067,0.0015880893300248141,0.2962962962962963,0.5967741935483871,0.004010403225806452,0.012701612903225806,0.0018145161290322581,0.046370967741935484,7.0,0.0
0.3333333333333332,0.022171688459351906,0.033707865168539325,0.10421836228287842,0.0015384615384615385,0.46296296296296297,0.657258064516129,0.00398991935483871,0.013669354838709678,0.0017338709677419354,0.05120967741935484,7.0,0.0
0.3333333333333332,0.022171688459351906,0.033707865168539325,0.10421836228287842,0.0015384615384615385,0.46296296296296297,0.657258064516129,0.00398991935483871,0.013669354838709678,0.0017338709677419354,0.05120967741935484,7.0,0.0
0.6904761904761904,0.01989766913018761,0.0550561797752809,1.0,0.002977667493796526,0.2777777777777778,0.5846774193548387,0.004040161290322581,0.012137096774193548,0.0017741935483870969,0.034274193548387094,5.0,0.0
0.3809523809523809,0.021034678794769755,0.03146067415730337,0.23325062034739458,0.0029280397022332506,0.25925925925925924,0.32661290322580644,0.003993387096774194,0.013064516129032259,0.0022580645161290325,0.05120967741935484,8.0,0.0
0.35714285714285715,0.01989766913018761,0.03146067415730337,0.21339950372208438,0.0012903225806451613,0.2037037037037037,0.42338709677419356,0.003987903225806452,0.012016129032258065,0.0025806451612903226,0.052822580645161286,8.0,0.0
0.5714285714285713,0.008527572484366117,0.043820224719101124,0.7196029776674938,0.002531017369727047,0.4444444444444444,0.6290322580645161,0.004030120967741935,0.013508064516129032,0.0031451612903225807,0.03669354838709677,5.0,0.0
0.5714285714285713,0.008527572484366117,0.043820224719101124,0.7196029776674938,0.002531017369727047,0.4444444444444444,0.6290322580645161,0.004030120967741935,0.013508064516129032,0.0031451612903225807,0.03669354838709677,5.0,0.0
0.738095238095238,0.021034678794769755,0.03258426966292134,0.15632754342431762,0.002183622828784119,0.37962962962962965,0.4717741935483871,0.003998104838709678,0.013064516129032259,0.001411290322580645,0.046370967741935484,5.0,0.0
0.35714285714285715,0.017055144968732238,0.030337078651685393,0.06451612903225808,0.001836228287841191,0.2777777777777778,0.3467741935483871,0.0039852419354838705,0.012298387096774192,0.002379032258064516,0.052016129032258066,7.0,0.0
0.47619047619047616,0.033541785105173395,0.024719101123595506,0.4367245657568239,0.0025806451612903226,0.2222222222222222,0.45564516129032256,0.004015161290322581,0.012983870967741937,0.0018145161290322581,0.03790322580645161,5.0,0.0
0.47619047619047616,0.022171688459351906,0.04943820224719101,0.9181141439205956,0.0028287841191067,0.6018518518518519,0.9032258064516129,0.004030483870967742,0.01254032258064516,0.0021370967741935485,0.03669354838709677,5.0,0.0
0.47619047619047616,0.033541785105173395,0.024719101123595506,0.4367245657568239,0.0025806451612903226,0.2222222222222222,0.45564516129032256,0.004015161290322581,0.012983870967741937,0.0018145161290322581,0.03790322580645161,5.0,0.0
0.4999999999999999,0.00739056281978397,0.03595505617977528,0.06947890818858561,0.0019851116625310174,0.32407407407407407,0.4274193548387097,0.003992983870967742,0.012741935483870969,0.002661290322580645,0.04838709677419355,5.0,0.0
0.5714285714285713,0.01648664013644116,0.03146067415730337,0.05955334987593052,0.0019851116625310174,0.28703703703703703,0.4475806451612903,0.003998951612903225,0.01282258064516129,0.0021370967741935485,0.04475806451612903,5.0,0.0
0.28571428571428575,0.018760659465605463,0.030337078651685393,0.24813895781637718,0.0017369727047146404,0.12962962962962962,0.3911290322580645,0.003994274193548387,0.0125,0.0013306451612903226,0.047580645161290326,7.0,0.0
0.47619047619047616,0.022171688459351906,0.04943820224719101,0.9305210918114144,0.0028287841191067,0.6018518518518519,0.9032258064516129,0.004030483870967742,0.01254032258064516,0.0021370967741935485,0.03669354838709677,5.0,0.0
0.4523809523809522,0.00511654349061967,0.03595505617977528,0.29776674937965264,0.0016377171215880895,0.5462962962962963,0.5161290322580645,0.003999677419354839,0.012862903225806452,0.0028629032258064516,0.04879032258064516,8.0,0.0
0.47619047619047616,0.041500852757248435,0.03258426966292134,0.23573200992555832,0.001687344913151365,0.26851851851851855,0.5403225806451613,0.003994193548387097,0.013266129032258064,0.0018548387096774194,0.05241935483870968,7.0,0.0
0.4523809523809522,0.00511654349061967,0.03595505617977528,0.29776674937965264,0.0016377171215880895,0.5462962962962963,0.5161290322580645,0.003999677419354839,0.012862903225806452,0.0028629032258064516,0.04879032258064516,8.0,0.0
0.4523809523809522,0.011938601478112564,0.03258426966292134,0.2655086848635236,0.0014392059553349878,0.39814814814814814,0.4274193548387097,0.003996451612903225,0.01181451612903226,0.0017338709677419354,0.046370967741935484,7.0,0.0
0.4523809523809522,0.011938601478112564,0.03258426966292134,0.2655086848635236,0.0014392059553349878,0.39814814814814814,0.4274193548387097,0.003996451612903225,0.01181451612903226,0.0017338709677419354,0.046370967741935484,7.0,0.0
0.7857142857142856,0.015349630471859011,0.053932584269662916,0.337468982630273,0.0023325062034739454,0.12037037037037036,0.5403225806451613,0.004016774193548387,0.013024193548387096,0.00282258064516129,0.04032258064516129,5.0,0.0
0.2619047619047618,0.04945992040932348,0.0,0.06947890818858561,0.0016377171215880895,0.37037037037037035,0.4314516129032258,0.003988629032258064,0.01314516129032258,0.001411290322580645,0.05,5.0,0.0
0.3095238095238095,0.03240477544059125,0.014606741573033709,0.05955334987593052,0.0020843672456575687,0.5555555555555556,0.6935483870967742,0.0039965322580645165,0.012338709677419355,0.002096774193548387,0.042741935483870966,5.0,0.0
0.3333333333333332,0.0,0.0348314606741573,0.06451612903225808,0.001836228287841191,0.5092592592592593,0.5846774193548387,0.003996774193548387,0.01375,0.0016532258064516129,0.04475806451612903,7.0,0.0
0.2619047619047618,0.024445707788516204,0.02247191011235955,0.12903225806451615,0.0013399503722084367,0.1574074074074074,0.4959677419354839,0.003989354838709678,0.013548387096774193,0.0031451612903225807,0.0560483870967742,7.0,0.0
0.47619047619047616,0.015349630471859011,0.033707865168539325,0.19106699751861045,0.0020843672456575687,0.9722222222222222,0.7217741935483871,0.003999556451612904,0.012258064516129033,0.002379032258064516,0.04556451612903226,8.0,0.0
0.35714285714285715,0.022171688459351906,0.0348314606741573,0.07940446650124071,0.0017369727047146404,0.37037037037037035,0.4274193548387097,0.003988467741935484,0.01314516129032258,0.0015725806451612903,0.052016129032258066,7.0,0.0
0.5238095238095238,0.021034678794769755,0.046067415730337076,0.38709677419354843,0.00228287841191067,0.48148148148148145,0.6895161290322581,0.0040135887096774195,0.012580645161290323,0.002056451612903226,0.03870967741935484,5.0,0.0
0.4523809523809522,0.015349630471859011,0.030337078651685393,0.511166253101737,0.0023325062034739454,0.5,0.8830645161290323,0.004021854838709677,0.012258064516129033,0.0018145161290322581,0.035483870967741936,5.0,0.0
0.4523809523809522,0.00625355315520182,0.04044943820224719,0.054590570719602986,0.0015384615384615385,0.25,0.375,0.003987258064516129,0.013024193548387096,0.001370967741935484,0.0532258064516129,8.0,0.0
0.47619047619047616,0.015349630471859011,0.033707865168539325,0.19106699751861045,0.0020843672456575687,0.9722222222222222,0.7217741935483871,0.003999556451612904,0.012258064516129033,0.002379032258064516,0.04556451612903226,8.0,0.0
0.4285714285714285,0.022171688459351906,0.030337078651685393,0.19851116625310175,0.0018858560794044665,0.3425925925925926,0.3911290322580645,0.003992983870967742,0.012903225806451613,0.0024193548387096775,0.050806451612903224,8.0,0.0
0.35714285714285715,0.03013075611142695,0.026966292134831458,0.3027295285359802,0.0015880893300248141,0.17592592592592593,0.3467741935483871,0.0039892741935483875,0.012258064516129033,0.0010483870967741935,0.05403225806451613,8.0,0.0
0.6904761904761904,0.023308698123934057,0.026966292134831458,0.08933002481389579,0.001836228287841191,0.3611111111111111,0.6048387096774194,0.003997177419354838,0.012298387096774192,0.0017741935483870969,0.047580645161290326,7.0,0.0
0.28571428571428575,0.024445707788516204,0.03146067415730337,0.23325062034739458,0.0019354838709677422,0.3148148148148148,0.3790322580645161,0.003990483870967742,0.012983870967741937,0.0022983870967741935,0.052822580645161286,7.0,0.0
0.4285714285714285,0.022171688459351906,0.030337078651685393,0.19851116625310175,0.0018858560794044665,0.3425925925925926,0.3911290322580645,0.003992983870967742,0.012903225806451613,0.0024193548387096775,0.050806451612903224,8.0,0.0
0.2619047619047618,0.013075611142694713,0.033707865168539325,0.054590570719602986,0.0023325062034739454,0.3333333333333333,0.5282258064516129,0.004,0.01314516129032258,0.0018145161290322581,0.041935483870967745,5.0,0.0
0.1666666666666667,0.03922683342808414,0.030337078651685393,0.31761786600496283,0.0016377171215880895,0.18518518518518517,0.4112903225806452,0.003989677419354839,0.012983870967741937,0.001088709677419355,0.05403225806451613,8.0,0.0
0.3333333333333332,0.028993746446844798,0.029213483146067417,0.40446650124069483,0.0017369727047146404,0.12962962962962962,0.3548387096774194,0.003993185483870968,0.012338709677419355,0.001088709677419355,0.05241935483870968,7.0,0.0
0.35714285714285715,0.03013075611142695,0.026966292134831458,0.3027295285359802,0.0015880893300248141,0.17592592592592593,0.3467741935483871,0.0039892741935483875,0.012258064516129033,0.0010483870967741935,0.05403225806451613,8.0,0.0
0.6666666666666666,0.011938601478112564,0.03595505617977528,0.23821339950372208,0.0027791563275434247,0.3611111111111111,0.45564516129032256,0.0040077822580645165,0.01254032258064516,0.002096774193548387,0.04112903225806451,7.0,0.0
0.47619047619047616,0.01989766913018761,0.0348314606741573,0.36724565756823824,0.0020347394540942932,0.06481481481481481,0.32661290322580644,0.004002177419354839,0.012258064516129033,0.0018951612903225805,0.04596774193548387,8.0,0.0
0.6904761904761904,0.023308698123934057,0.026966292134831458,0.08933002481389579,0.001836228287841191,0.3611111111111111,0.6048387096774194,0.003997177419354838,0.012298387096774192,0.0017741935483870969,0.047580645161290326,7.0,0.0
0.3095238095238095,0.01989766913018761,0.030337078651685393,0.7692307692307693,0.0017866004962779156,0.28703703703703703,0.5403225806451613,0.004008387096774193,0.012862903225806452,0.0017741935483870969,0.05241935483870968,7.0,0.0
0.3095238095238095,0.01989766913018761,0.030337078651685393,0.7692307692307693,0.0017866004962779156,0.28703703703703703,0.5403225806451613,0.004008387096774193,0.012862903225806452,0.0017741935483870969,0.05241935483870968,7.0,0.0
0.3809523809523809,0.013075611142694713,0.03146067415730337,0.11910669975186104,0.0020843672456575687,0.35185185185185186,0.4112903225806452,0.003991854838709678,0.012661290322580645,0.0014919354838709678,0.0467741935483871,7.0,0.0
0.3095238095238095,0.015349630471859011,0.03146067415730337,0.19602977667493798,0.0018858560794044665,0.5648148148148148,0.5403225806451613,0.003997822580645161,0.013306451612903225,0.00217741935483871,0.04556451612903226,7.0,0.0
0.3333333333333332,0.025582717453098355,0.033707865168539325,0.14888337468982632,0.0017866004962779156,0.2777777777777778,0.5,0.003988790322580645,0.013346774193548388,0.0016129032258064516,0.052822580645161286,7.0,0.0
0.3095238095238095,0.01989766913018761,0.030337078651685393,0.7692307692307693,0.0017866004962779156,0.28703703703703703,0.5403225806451613,0.004008387096774193,0.012862903225806452,0.0017741935483870969,0.05241935483870968,7.0,0.0
0.47619047619047616,0.021034678794769755,0.05056179775280899,0.7096774193548387,0.0026799007444168734,0.2777777777777778,0.7298387096774194,0.004026975806451612,0.012661290322580645,0.0022983870967741935,0.03669354838709677,5.0,0.0
0.5238095238095238,0.025582717453098355,0.0348314606741573,0.20843672456575685,0.0019851116625310174,0.19444444444444445,0.375,0.003990322580645161,0.01282258064516129,0.001935483870967742,0.05403225806451613,7.0,0.0
0.4285714285714285,0.00625355315520182,0.038202247191011236,0.06947890818858561,0.0014392059553349878,0.26851851851851855,0.5362903225806451,0.003996290322580645,0.01342741935483871,0.0025806451612903226,0.046370967741935484,7.0,0.0
0.3095238095238095,0.010801591813530418,0.03595505617977528,0.14888337468982632,0.0015384615384615385,0.24074074074074073,0.47580645161290325,0.00399733870967742,0.013629032258064515,0.002741935483870968,0.04516129032258064,7.0,0.0
0.5714285714285713,0.028993746446844798,0.03146067415730337,0.11910669975186104,0.0017866004962779156,0.32407407407407407,0.4637096774193548,0.003989354838709678,0.012862903225806452,0.0017741935483870969,0.05443548387096774,7.0,0.0
0.47619047619047616,0.021034678794769755,0.05056179775280899,0.7096774193548387,0.0026799007444168734,0.2777777777777778,0.7298387096774194,0.004026975806451612,0.012661290322580645,0.0022983870967741935,0.03669354838709677,5.0,0.0
0.4285714285714285,0.009664582148948267,0.03146067415730337,0.06947890818858561,0.00228287841191067,0.2037037037037037,0.3629032258064516,0.003993467741935484,0.01282258064516129,0.002056451612903226,0.047177419354838705,7.0,0.0
0.4999999999999999,0.009664582148948267,0.03707865168539326,0.06451612903225808,0.0015384615384615385,0.2037037037037037,0.35080645161290325,0.0039914112903225805,0.012419354838709677,0.0025,0.04959677419354839,7.0,0.0
0.5952380952380952,0.025582717453098355,0.038202247191011236,0.09925558312655088,0.002183622828784119,0.5648148148148148,0.6895161290322581,0.003989798387096774,0.01310483870967742,0.0021370967741935485,0.05362903225806452,7.0,0.0
0.4523809523809522,0.021034678794769755,0.03258426966292134,0.08933002481389579,0.0017866004962779156,0.35185185185185186,0.4112903225806452,0.003984637096774194,0.012419354838709677,0.0016935483870967741,0.05524193548387096,7.0,0.0
0.6666666666666666,0.010801591813530418,0.046067415730337076,0.05955334987593052,0.002481389578163772,0.24074074074074073,0.5282258064516129,0.003997298387096775,0.012862903225806452,0.002096774193548387,0.04475806451612903,5.0,0.0
0.5238095238095238,0.025582717453098355,0.0696629213483146,0.37220843672456577,0.0018858560794044665,0.42592592592592593,0.532258064516129,0.003997701612903226,0.013024193548387096,0.0017338709677419354,0.05403225806451613,7.0,0.0
0.3095238095238095,0.014212620807276862,0.016853932584269662,0.4813895781637717,0.0023821339950372213,0.9351851851851852,0.8346774193548387,0.004014959677419354,0.012298387096774192,0.0012096774193548388,0.03669354838709677,5.0,0.0
0.28571428571428575,0.014212620807276862,0.026966292134831458,0.18858560794044665,0.0018858560794044665,0.5648148148148148,0.6129032258064516,0.003997540322580645,0.013346774193548388,0.0020161290322580645,0.04556451612903226,7.0,0.0
0.4523809523809522,0.024445707788516204,0.046067415730337076,0.35732009925558317,0.0023821339950372213,0.5092592592592593,0.717741935483871,0.0040135887096774195,0.012903225806451613,0.0018548387096774194,0.03790322580645161,5.0,0.0
0.3095238095238095,0.014212620807276862,0.016853932584269662,0.4813895781637717,0.0023821339950372213,0.9351851851851852,0.8346774193548387,0.004014959677419354,0.012298387096774192,0.0012096774193548388,0.03669354838709677,5.0,0.0
0.5714285714285713,0.02785673678226265,0.030337078651685393,0.15384615384615385,0.001687344913151365,0.25925925925925924,0.5403225806451613,0.003990725806451613,0.01314516129032258,0.001532258064516129,0.052822580645161286,7.0,0.0
0.5952380952380952,0.023308698123934057,0.03932584269662921,0.35732009925558317,0.00228287841191067,0.4166666666666667,0.717741935483871,0.004014112903225807,0.012661290322580645,0.0021370967741935485,0.03911290322580645,5.0,0.0
0.40476190476190477,0.01989766913018761,0.04943820224719101,0.3523573200992556,0.0023821339950372213,0.4537037037037037,0.7217741935483871,0.004013225806451613,0.012701612903225806,0.001935483870967742,0.037096774193548385,5.0,0.0
0.5952380952380952,0.023308698123934057,0.03932584269662921,0.35732009925558317,0.00228287841191067,0.4166666666666667,0.717741935483871,0.004014112903225807,0.012661290322580645,0.0021370967741935485,0.03911290322580645,5.0,0.0
0.40476190476190477,0.01989766913018761,0.04943820224719101,0.3523573200992556,0.0023821339950372213,0.4537037037037037,0.7217741935483871,0.004013225806451613,0.012701612903225806,0.001935483870967742,0.037096774193548385,5.0,0.0
0.35714285714285715,0.018760659465605463,0.05280898876404494,0.05955334987593052,0.007245657568238213,0.25925925925925924,0.42338709677419356,0.004000967741935484,0.013024193548387096,0.002056451612903226,0.0407258064516129,5.0,0.0
0.4285714285714285,0.01989766913018761,0.028089887640449437,0.23821339950372208,0.0014392059553349878,0.5,0.5161290322580645,0.003994919354838709,0.012782258064516128,0.0017741935483870969,0.04919354838709677,7.0,0.0
0.023809523809523725,0.011938601478112564,0.023595505617977526,0.5062034739454094,0.001836228287841191,0.1574074074074074,0.45161290322580644,0.004005,0.014758064516129033,0.001935483870967742,0.04919354838709677,7.0,0.0
0.5476190476190476,0.04263786242183058,0.013483146067415729,0.22332506203473948,0.002481389578163772,0.21296296296296297,0.3467741935483871,0.004007983870967742,0.011532258064516129,0.001411290322580645,0.036290322580645164,5.0,0.0
0.5476190476190476,0.04263786242183058,0.013483146067415729,0.22332506203473948,0.002481389578163772,0.21296296296296297,0.3467741935483871,0.004007983870967742,0.011532258064516129,0.001411290322580645,0.036290322580645164,5.0,0.0
0.738095238095238,0.00511654349061967,0.038202247191011236,0.054590570719602986,0.0017369727047146404,0.28703703703703703,0.375,0.003995806451612903,0.012379032258064516,0.0029032258064516127,0.04556451612903226,7.0,0.0
0.4999999999999999,0.008527572484366117,0.03146067415730337,0.054590570719602986,0.0013399503722084367,0.2962962962962963,0.45161290322580644,0.003995524193548388,0.012701612903225806,0.0018145161290322581,0.04435483870967742,7.0,0.0
0.6428571428571429,0.01989766913018761,0.04044943820224719,0.7245657568238214,0.0023821339950372213,0.32407407407407407,0.6491935483870968,0.004019354838709677,0.012661290322580645,0.0022580645161290325,0.042741935483870966,5.0,0.0
0.619047619047619,0.014212620807276862,0.030337078651685393,0.12903225806451615,0.0017369727047146404,0.3611111111111111,0.4838709677419355,0.0039975,0.012258064516129033,0.002379032258064516,0.04556451612903226,7.0,0.0
0.6428571428571429,0.01648664013644116,0.03146067415730337,0.3598014888337469,0.0013895781637717124,0.12962962962962962,0.31451612903225806,0.004001532258064516,0.011854838709677419,0.0014919354838709678,0.046370967741935484,7.0,0.0
0.6666666666666666,0.022171688459351906,0.023595505617977526,0.3250620347394541,0.0012903225806451613,0.3055555555555556,0.5766129032258065,0.004001774193548387,0.011774193548387097,0.001411290322580645,0.04475806451612903,5.0,0.0
0.5952380952380952,0.017623649801023312,0.026966292134831458,0.34739454094292804,0.001141439205955335,0.17592592592592593,0.5241935483870968,0.003999032258064516,0.012661290322580645,0.001975806451612903,0.05161290322580645,7.0,0.0
0.6428571428571429,0.01648664013644116,0.03146067415730337,0.3598014888337469,0.0013895781637717124,0.12962962962962962,0.31451612903225806,0.004001532258064516,0.011854838709677419,0.0014919354838709678,0.046370967741935484,7.0,0.0
0.5476190476190476,0.015349630471859011,0.03932584269662921,0.04962779156327544,0.0015880893300248141,0.3888888888888889,0.41935483870967744,0.003991451612903226,0.012741935483870969,0.0014919354838709678,0.047177419354838705,7.0,0.0
0.2619047619047618,0.01989766913018761,0.03146067415730337,0.20843672456575685,0.002183622828784119,0.48148148148148145,0.6370967741935484,0.004,0.013508064516129032,0.0017741935483870969,0.04314516129032258,7.0,0.0
0.4523809523809522,0.009664582148948267,0.03932584269662921,0.07444168734491316,0.001836228287841191,0.3425925925925926,0.4314516129032258,0.003992177419354839,0.01282258064516129,0.002741935483870968,0.04838709677419355,7.0,0.0
0.40476190476190477,0.01989766913018761,0.04044943820224719,0.06451612903225808,0.002630272952853598,0.25925925925925924,0.75,0.004000443548387097,0.013346774193548388,0.0018145161290322581,0.043548387096774194,5.0,0.0
0.21428571428571416,0.01989766913018761,0.030337078651685393,0.19354838709677422,0.0021339950372208437,0.48148148148148145,0.6370967741935484,0.00400008064516129,0.013508064516129032,0.0017741935483870969,0.04314516129032258,7.0,0.0
0.21428571428571416,0.01989766913018761,0.03146067415730337,0.20843672456575685,0.002183622828784119,0.48148148148148145,0.6370967741935484,0.004,0.013508064516129032,0.0017741935483870969,0.04314516129032258,7.0,0.0
0.4999999999999999,0.009664582148948267,0.03595505617977528,0.3771712158808933,0.0024317617866004967,0.3425925925925926,0.4314516129032258,0.004005322580645161,0.012580645161290323,0.0017741935483870969,0.04314516129032258,7.0,0.0
0.5952380952380952,0.00625355315520182,0.03258426966292134,0.04962779156327544,0.0015384615384615385,0.37037037037037035,0.4959677419354839,0.003990241935483871,0.012580645161290323,0.0016129032258064516,0.04879032258064516,7.0,0.0
0.4523809523809522,0.00739056281978397,0.03146067415730337,0.054590570719602986,0.001687344913151365,0.5092592592592593,0.43548387096774194,0.003989475806451613,0.012096774193548387,0.002096774193548387,0.04798387096774194,7.0,0.0
0.2619047619047618,0.010801591813530418,0.026966292134831458,0.06947890818858561,0.0016377171215880895,0.6018518518518519,0.6814516129032258,0.00399366935483871,0.014475806451612902,0.0022580645161290325,0.04959677419354839,7.0,0.0
0.4523809523809522,0.021603183627060832,0.026966292134831458,0.07940446650124071,0.0019354838709677422,0.26851851851851855,0.5645161290322581,0.004004193548387097,0.013508064516129032,0.0024596774193548386,0.041935483870967745,7.0,0.0
0.5476190476190476,0.024445707788516204,0.030337078651685393,0.3523573200992556,0.0013399503722084367,0.3425925925925926,0.49193548387096775,0.003998588709677419,0.012701612903225806,0.0024193548387096775,0.050806451612903224,7.0,0.0
0.47619047619047616,0.02785673678226265,0.053932584269662916,0.4367245657568239,0.0027791563275434247,0.32407407407407407,0.6733870967741935,0.0040172580645161295,0.012258064516129033,0.0018951612903225805,0.03790322580645161,5.0,0.0
0.40476190476190477,0.0312677657760091,0.026966292134831458,0.35732009925558317,0.0023325062034739454,0.37962962962962965,0.6088709677419355,0.004016290322580645,0.01254032258064516,0.0024193548387096775,0.037096774193548385,5.0,0.0
0.47619047619047616,0.02785673678226265,0.053932584269662916,0.4367245657568239,0.0027791563275434247,0.32407407407407407,0.6733870967741935,0.0040172580645161295,0.012258064516129033,0.0018951612903225805,0.03790322580645161,5.0,0.0
0.40476190476190477,0.0312677657760091,0.026966292134831458,0.35732009925558317,0.0023325062034739454,0.37962962962962965,0.6088709677419355,0.004016290322580645,0.01254032258064516,0.0024193548387096775,0.037096774193548385,5.0,0.0
0.7142857142857143,0.024445707788516204,0.06853932584269662,0.5856079404466502,0.0020347394540942932,0.6111111111111112,0.7580645161290323,0.004023951612903226,0.012096774193548387,0.00217741935483871,0.037500000000000006,5.0,0.0
0.5476190476190476,0.021034678794769755,0.03707865168539326,0.044665012406947896,0.0020347394540942932,0.18518518518518517,0.4717741935483871,0.003993870967741935,0.012943548387096774,0.0020161290322580645,0.04596774193548387,5.0,0.0
0.5714285714285713,0.018760659465605463,0.026966292134831458,0.6253101736972705,0.002183622828784119,0.4444444444444444,0.47580645161290325,0.004021209677419355,0.012258064516129033,0.0022580645161290325,0.04032258064516129,7.0,0.0
0.3809523809523809,0.010801591813530418,0.029213483146067417,0.23325062034739458,0.0019851116625310174,1.0,0.6774193548387096,0.004003145161290323,0.012379032258064516,0.0030241935483870967,0.04314516129032258,7.0,0.0
0.5714285714285713,0.018760659465605463,0.026966292134831458,0.6253101736972705,0.002183622828784119,0.4444444444444444,0.47580645161290325,0.004021209677419355,0.012258064516129033,0.0022580645161290325,0.04032258064516129,7.0,0.0
0.4523809523809522,0.028993746446844798,0.03146067415730337,0.3027295285359802,0.0014392059553349878,0.1111111111111111,0.375,0.003994112903225806,0.012862903225806452,0.001088709677419355,0.05161290322580645,7.0,0.0
0.7142857142857143,0.024445707788516204,0.06853932584269662,0.5856079404466502,0.0020347394540942932,0.6111111111111112,0.7580645161290323,0.004023951612903226,0.012096774193548387,0.00217741935483871,0.037500000000000006,5.0,0.0
0.5476190476190476,0.021034678794769755,0.03707865168539326,0.044665012406947896,0.0020347394540942932,0.18518518518518517,0.4717741935483871,0.003993870967741935,0.012943548387096774,0.0020161290322580645,0.04596774193548387,5.0,0.0
0.40476190476190477,0.03013075611142695,0.02247191011235955,0.27791563275434245,0.005806451612903226,0.5648148148148148,0.7379032258064516,0.004010443548387097,0.013064516129032259,0.0017338709677419354,0.038306451612903226,5.0,0.0
0.6904761904761904,0.023308698123934057,0.030337078651685393,0.4367245657568239,0.0010421836228287843,0.5277777777777778,0.6290322580645161,0.004009758064516129,0.012419354838709677,0.001532258064516129,0.04435483870967742,7.0,0.0
0.4285714285714285,0.017623649801023312,0.043820224719101124,0.06947890818858561,9.925558312655087E-4,0.1111111111111111,0.2661290322580645,0.003995524193548388,0.01310483870967742,0.0030241935483870967,0.04556451612903226,7.0,0.0
0.9523809523809521,0.022171688459351906,0.038202247191011236,0.23821339950372208,8.933002481389578E-4,0.21296296296296297,0.5120967741935484,0.004011048387096774,0.012580645161290323,0.001975806451612903,0.04516129032258064,7.0,0.0
0.40476190476190477,0.021034678794769755,0.03595505617977528,0.11910669975186104,6.947890818858562E-4,0.3148148148148148,0.3588709677419355,0.003992258064516129,0.013064516129032259,0.002661290322580645,0.05040322580645161,7.0,0.0
0.40476190476190477,0.015349630471859011,0.025842696629213482,0.09925558312655088,0.00228287841191067,0.2777777777777778,0.5362903225806451,0.003995161290322581,0.012580645161290323,0.00217741935483871,0.04596774193548387,7.0,0.0
0.5952380952380952,0.025582717453098355,0.024719101123595506,0.22332506203473948,0.0015384615384615385,0.09259259259259259,0.29435483870967744,0.003995,0.011975806451612904,0.002096774193548387,0.04919354838709677,7.0,0.0
0.40476190476190477,0.021034678794769755,0.026966292134831458,0.15880893300248142,0.001836228287841191,0.28703703703703703,0.38306451612903225,0.0039895967741935484,0.011693548387096775,0.002661290322580645,0.050806451612903224,7.0,0.0
0.619047619047619,0.023308698123934057,0.028089887640449437,0.3300248138957817,0.0015880893300248141,0.2777777777777778,0.5564516129032258,0.004001774193548387,0.011693548387096775,0.0014919354838709678,0.04475806451612903,5.0,0.0
0.4999999999999999,0.04718590108015919,0.029213483146067417,0.28287841191067,0.0018858560794044665,0.25,0.5241935483870968,0.003991935483870968,0.01254032258064516,0.001088709677419355,0.05241935483870968,7.0,0.0
0.5714285714285713,0.01989766913018761,0.03146067415730337,0.42183622828784123,0.001488833746898263,0.23148148148148148,0.7701612903225806,0.004005564516129032,0.012741935483870969,0.0018548387096774194,0.04919354838709677,7.0,0.0
0.23809523809523808,0.00511654349061967,0.05280898876404494,0.56575682382134,0.0017369727047146404,0.4537037037037037,0.5161290322580645,0.0040103225806451615,0.01221774193548387,0.001370967741935484,0.04233870967741935,8.0,0.0
0.2619047619047618,0.019329164297896537,0.033707865168539325,0.2679900744416874,0.0021339950372208437,0.37962962962962965,0.6008064516129032,0.00400241935483871,0.01342741935483871,0.0016935483870967741,0.043548387096774194,7.0,0.0
0.1666666666666667,0.048322910744741335,0.01797752808988764,0.1339950372208437,0.0017866004962779156,0.3148148148148148,0.5161290322580645,0.003986129032258065,0.012903225806451613,0.0021370967741935485,0.0532258064516129,8.0,0.0
0.2619047619047618,0.024445707788516204,0.03146067415730337,0.21339950372208438,0.0015880893300248141,0.42592592592592593,0.4637096774193548,0.003989758064516129,0.012741935483870969,0.0022983870967741935,0.05241935483870968,8.0,0.0
0.07142857142857138,0.021034678794769755,0.060674157303370786,0.28287841191067,0.0017369727047146404,0.5,0.625,0.003990967741935484,0.013185483870967742,0.001370967741935484,0.052016129032258066,8.0,0.0
0.1666666666666667,0.048322910744741335,0.01797752808988764,0.1339950372208437,0.0017866004962779156,0.3148148148148148,0.5161290322580645,0.003986129032258065,0.012903225806451613,0.0021370967741935485,0.0532258064516129,8.0,0.0
0.4999999999999999,0.011938601478112564,0.029213483146067417,0.5806451612903226,0.0018858560794044665,0.5648148148148148,0.6129032258064516,0.004013024193548387,0.01217741935483871,0.0022580645161290325,0.04233870967741935,7.0,0.0
0.2619047619047618,0.024445707788516204,0.03146067415730337,0.21339950372208438,0.0015880893300248141,0.42592592592592593,0.4637096774193548,0.003989758064516129,0.012741935483870969,0.0022983870967741935,0.05241935483870968,8.0,0.0
0.4285714285714285,0.018760659465605463,0.029213483146067417,0.5459057071960298,0.001488833746898263,0.018518518518518517,0.33064516129032256,0.0040081451612903225,0.012379032258064516,0.0014516129032258063,0.04516129032258064,5.0,0.0
0.28571428571428575,0.03013075611142695,0.03595505617977528,0.07940446650124071,0.0014392059553349878,0.37962962962962965,0.4112903225806452,0.0039885483870967745,0.01375,0.002217741935483871,0.05120967741935484,7.0,0.0
0.4999999999999999,0.022171688459351906,0.03258426966292134,0.3076923076923077,0.001240694789081886,0.26851851851851855,0.38306451612903225,0.003994798387096774,0.01221774193548387,0.0012903225806451613,0.052016129032258066,7.0,0.0
0.619047619047619,0.03467879476975554,0.03258426966292134,0.08933002481389579,0.0015880893300248141,0.24074074074074073,0.29838709677419356,0.003987459677419355,0.011935483870967743,0.001411290322580645,0.05241935483870968,8.0,0.0
0.1666666666666667,0.022171688459351906,0.033707865168539325,0.05955334987593052,0.0014392059553349878,0.23148148148148148,0.375,0.003981532258064516,0.013346774193548388,0.0016129032258064516,0.054838709677419356,7.0,0.0
0.4523809523809522,0.026719727117680506,0.02247191011235955,0.04962779156327544,0.002630272952853598,0.24074074074074073,0.45161290322580644,0.004005483870967742,0.013387096774193547,0.002217741935483871,0.03669354838709677,5.0,0.0
0.14285714285714277,0.022171688459351906,0.033707865168539325,0.05955334987593052,0.0014392059553349878,0.23148148148148148,0.375,0.003981532258064516,0.013346774193548388,0.0016129032258064516,0.054838709677419356,7.0,0.0
0.5952380952380952,0.014212620807276862,0.028089887640449437,0.9330024813895783,0.004218362282878412,0.17592592592592593,0.4475806451612903,0.004034032258064516,0.0125,0.002056451612903226,0.03508064516129032,5.0,0.0
0.5714285714285713,0.010801591813530418,0.030337078651685393,0.47642679900744417,0.001836228287841191,0.17592592592592593,0.42338709677419356,0.004009838709677419,0.012258064516129033,0.0014919354838709678,0.04233870967741935,7.0,0.0
0.5476190476190476,0.013075611142694713,0.029213483146067417,0.456575682382134,0.0013399503722084367,0.3425925925925926,0.49193548387096775,0.004001129032258065,0.012338709677419355,0.001370967741935484,0.05040322580645161,8.0,0.0
0.40476190476190477,0.00625355315520182,0.04943820224719101,0.05955334987593052,0.002531017369727047,0.3611111111111111,0.49193548387096775,0.003994274193548387,0.01254032258064516,0.0030241935483870967,0.04556451612903226,7.0,0.0
0.4999999999999999,0.023308698123934057,0.033707865168539325,0.3970223325062035,0.0013895781637717124,0.3055555555555556,0.49193548387096775,0.003998548387096774,0.012620967741935484,0.002540322580645161,0.050806451612903224,7.0,0.0
0.6904761904761904,0.022171688459351906,0.041573033707865165,0.07940446650124071,0.004317617866004963,0.25,0.7137096774193549,0.0040095967741935485,0.012459677419354838,0.0020161290322580645,0.03951612903225807,5.0,0.0
0.3095238095238095,0.00625355315520182,0.030337078651685393,0.5955334987593053,0.001488833746898263,0.3611111111111111,0.3951612903225806,0.0040081451612903225,0.012701612903225806,0.001370967741935484,0.043548387096774194,5.0,0.0
0.5476190476190476,0.013075611142694713,0.029213483146067417,0.456575682382134,0.0013399503722084367,0.3425925925925926,0.49193548387096775,0.004001129032258065,0.012338709677419355,0.001370967741935484,0.05040322580645161,8.0,0.0
0.21428571428571416,0.011938601478112564,0.026966292134831458,0.21836228287841195,0.0013399503722084367,0.3425925925925926,0.6048387096774194,0.003995967741935484,0.013306451612903225,0.00125,0.046370967741935484,7.0,0.0
0.5714285714285713,0.010801591813530418,0.030337078651685393,0.47642679900744417,0.001836228287841191,0.17592592592592593,0.42338709677419356,0.004009838709677419,0.012258064516129033,0.0014919354838709678,0.04233870967741935,7.0,0.0
0.4999999999999999,0.023308698123934057,0.033707865168539325,0.3970223325062035,0.0013895781637717124,0.3055555555555556,0.49193548387096775,0.003998548387096774,0.012620967741935484,0.002540322580645161,0.050806451612903224,7.0,0.0
0.5952380952380952,0.014212620807276862,0.028089887640449437,0.9330024813895783,0.004218362282878412,0.17592592592592593,0.4475806451612903,0.004034032258064516,0.0125,0.002056451612903226,0.03508064516129032,5.0,0.0
0.40476190476190477,0.00625355315520182,0.04943820224719101,0.05955334987593052,0.002531017369727047,0.3611111111111111,0.49193548387096775,0.003994274193548387,0.01254032258064516,0.0030241935483870967,0.04556451612903226,7.0,0.0
0.6904761904761904,0.022171688459351906,0.041573033707865165,0.07940446650124071,0.004317617866004963,0.25,0.7137096774193549,0.0040095967741935485,0.012459677419354838,0.0020161290322580645,0.03951612903225807,5.0,0.0
0.5476190476190476,0.022171688459351906,0.030337078651685393,0.07444168734491316,0.003771712158808933,0.2222222222222222,0.5846774193548387,0.004005806451612903,0.0125,0.002096774193548387,0.0407258064516129,5.0,0.0
0.4523809523809522,0.017623649801023312,0.024719101123595506,0.9007444168734491,0.002481389578163772,0.21296296296296297,0.5604838709677419,0.004028387096774193,0.012338709677419355,0.0020161290322580645,0.037096774193548385,5.0,0.0
0.7142857142857143,0.02785673678226265,0.051685393258426963,0.5856079404466502,0.004367245657568238,0.5648148148148148,0.7379032258064516,0.004023629032258064,0.011532258064516129,0.0018951612903225805,0.036290322580645164,5.0,0.0
0.47619047619047616,0.023308698123934057,0.010112359550561797,0.06947890818858561,0.0019354838709677422,0.49074074074074076,0.5685483870967742,0.004000241935483871,0.012580645161290323,0.0017741935483870969,0.0407258064516129,5.0,0.0
0.0,0.06424104604889143,0.010112359550561797,0.04962779156327544,9.925558312655087E-4,0.046296296296296294,0.036290322580645164,0.003980725806451613,0.013306451612903225,0.001370967741935484,0.054838709677419356,5.0,0.0
0.3809523809523809,0.010801591813530418,0.020224719101123594,0.5260545905707196,0.0022332506203473945,0.5277777777777778,0.6411290322580645,0.004018790322580645,0.012459677419354838,0.00217741935483871,0.037096774193548385,5.0,0.0
0.4523809523809522,0.01989766913018761,0.025842696629213482,0.5161290322580646,0.0024317617866004967,0.4166666666666667,0.7661290322580645,0.0040223387096774196,0.012580645161290323,0.002056451612903226,0.035483870967741936,5.0,0.0
0.4999999999999999,0.013075611142694713,0.029213483146067417,0.05955334987593052,0.0020347394540942932,0.26851851851851855,0.7338709677419355,0.0039961290322580644,0.012258064516129033,0.001411290322580645,0.04516129032258064,5.0,0.0
0.4523809523809522,0.017623649801023312,0.024719101123595506,0.9007444168734491,0.002481389578163772,0.21296296296296297,0.5604838709677419,0.004028387096774193,0.012338709677419355,0.0020161290322580645,0.037096774193548385,5.0,0.0
0.4523809523809522,0.022171688459351906,0.05056179775280899,0.3970223325062035,0.0018858560794044665,0.5,0.8064516129032258,0.004014516129032258,0.01282258064516129,0.001935483870967742,0.038306451612903226,5.0,0.0
0.3809523809523809,0.026719727117680506,0.030337078651685393,0.12406947890818859,0.0011910669975186106,0.37037037037037035,0.6129032258064516,0.003995766129032258,0.013508064516129032,0.0024193548387096775,0.04798387096774194,7.0,0.0
0.7142857142857143,0.022171688459351906,0.025842696629213482,0.09925558312655088,0.00337468982630273,0.25925925925925924,0.5564516129032258,0.004007338709677419,0.01254032258064516,0.0025,0.03951612903225807,5.0,0.0
0.7142857142857143,0.023308698123934057,0.025842696629213482,0.09925558312655088,0.0034243176178660054,0.26851851851851855,0.5403225806451613,0.004007338709677419,0.01254032258064516,0.0025,0.03951612903225807,5.0,0.0
0.23809523809523808,0.018192154633314386,0.03146067415730337,0.34243176178660056,0.0017866004962779156,0.42592592592592593,0.6048387096774194,0.004003991935483871,0.013548387096774193,0.0017741935483870969,0.043548387096774194,7.0,0.0
0.023809523809523725,0.00739056281978397,0.03146067415730337,0.14392059553349876,0.001488833746898263,0.2037037037037037,0.4475806451612903,0.003992741935483871,0.013629032258064515,0.001370967741935484,0.04556451612903226,7.0,0.0
0.23809523809523808,0.018192154633314386,0.03146067415730337,0.34243176178660056,0.0017866004962779156,0.42592592592592593,0.6048387096774194,0.004003991935483871,0.013548387096774193,0.0017741935483870969,0.043548387096774194,7.0,0.0
0.35714285714285715,0.010801591813530418,0.03707865168539326,0.2679900744416874,0.0013895781637717124,0.19444444444444445,0.3024193548387097,0.003992419354838709,0.013548387096774193,0.0016532258064516129,0.05443548387096774,7.0,0.0
0.6666666666666666,0.01989766913018761,0.046067415730337076,0.06451612903225808,0.002183622828784119,0.10185185185185185,0.5080645161290323,0.0040037499999999995,0.013225806451612903,0.0018145161290322581,0.04153225806451613,5.0,0.0
0.6666666666666666,0.01989766913018761,0.046067415730337076,0.06451612903225808,0.002183622828784119,0.10185185185185185,0.5080645161290323,0.0040037499999999995,0.013225806451612903,0.0018145161290322581,0.04153225806451613,5.0,0.0
0.3095238095238095,0.011938601478112564,0.03258426966292134,0.6501240694789082,0.0020843672456575687,0.25925925925925924,0.5040322580645161,0.004029677419354839,0.013669354838709678,0.0018145161290322581,0.03467741935483871,5.0,0.0
0.5714285714285713,0.011938601478112564,0.08089887640449438,0.07940446650124071,0.008287841191066998,0.6018518518518519,0.4838709677419355,0.004005,0.011975806451612904,0.002056451612903226,0.037096774193548385,5.0,0.0
0.5476190476190476,0.00511654349061967,0.03146067415730337,0.7295285359801489,0.002531017369727047,0.26851851851851855,0.6008064516129032,0.004023870967741936,0.011935483870967743,0.0015725806451612903,0.036290322580645164,7.0,0.0
0.5476190476190476,0.00511654349061967,0.03146067415730337,0.7295285359801489,0.002531017369727047,0.26851851851851855,0.6008064516129032,0.004023870967741936,0.011935483870967743,0.0015725806451612903,0.036290322580645164,7.0,0.0
0.5476190476190476,0.00511654349061967,0.03146067415730337,0.7295285359801489,0.002531017369727047,0.26851851851851855,0.6008064516129032,0.004023870967741936,0.011935483870967743,0.0015725806451612903,0.036290322580645164,7.0,0.0
0.5476190476190476,0.00511654349061967,0.03146067415730337,0.7295285359801489,0.002531017369727047,0.26851851851851855,0.6008064516129032,0.004023870967741936,0.011935483870967743,0.0015725806451612903,0.036290322580645164,7.0,0.0
0.5476190476190476,0.00511654349061967,0.03146067415730337,0.7295285359801489,0.002531017369727047,0.26851851851851855,0.6008064516129032,0.004023870967741936,0.011935483870967743,0.0015725806451612903,0.036290322580645164,7.0,0.0
0.5476190476190476,0.00511654349061967,0.03146067415730337,0.7295285359801489,0.002531017369727047,0.26851851851851855,0.6008064516129032,0.004023870967741936,0.011935483870967743,0.0015725806451612903,0.036290322580645164,7.0,0.0
0.5476190476190476,0.00511654349061967,0.03146067415730337,0.7295285359801489,0.002531017369727047,0.26851851851851855,0.6008064516129032,0.004023870967741936,0.011935483870967743,0.0015725806451612903,0.036290322580645164,7.0,0.0
0.6428571428571429,0.018760659465605463,0.03146067415730337,0.08933002481389579,0.0019851116625310174,0.4166666666666667,0.4879032258064516,0.00399366935483871,0.01217741935483871,0.0016129032258064516,0.04798387096774194,5.0,0.0
0.35714285714285715,0.015349630471859011,0.028089887640449437,0.620347394540943,0.002729528535980149,0.4351851851851852,0.5403225806451613,0.0040225,0.013306451612903225,0.002056451612903226,0.036290322580645164,5.0,0.0
0.5476190476190476,0.00511654349061967,0.03146067415730337,0.7295285359801489,0.002531017369727047,0.26851851851851855,0.6008064516129032,0.004023870967741936,0.011935483870967743,0.0015725806451612903,0.036290322580645164,7.0,0.0
0.19047619047619044,0.00739056281978397,0.025842696629213482,0.14392059553349876,0.0019354838709677422,0.09259259259259259,0.43548387096774194,0.004001733870967742,0.013225806451612903,0.0020161290322580645,0.04032258064516129,5.0,0.0
0.4285714285714285,0.017623649801023312,0.038202247191011236,0.06947890818858561,0.0019851116625310174,0.23148148148148148,0.7419354838709677,0.004000645161290323,0.013266129032258064,0.0018548387096774194,0.04314516129032258,5.0,0.0
0.4523809523809522,0.018760659465605463,0.03707865168539326,0.06947890818858561,0.0020843672456575687,0.2222222222222222,0.7379032258064516,0.004000604838709678,0.013266129032258064,0.0018548387096774194,0.04314516129032258,5.0,0.0
0.1666666666666667,0.040363843092666295,0.016853932584269662,0.10421836228287842,0.0012903225806451613,0.26851851851851855,0.5241935483870968,0.003990040322580646,0.013669354838709678,0.003104838709677419,0.05403225806451613,8.0,0.0
0.19047619047619044,0.00739056281978397,0.025842696629213482,0.14392059553349876,0.0019354838709677422,0.09259259259259259,0.43548387096774194,0.004001733870967742,0.013225806451612903,0.0020161290322580645,0.04032258064516129,5.0,0.0
0.4285714285714285,0.017623649801023312,0.038202247191011236,0.06947890818858561,0.0019851116625310174,0.23148148148148148,0.7419354838709677,0.004000645161290323,0.013266129032258064,0.0018548387096774194,0.04314516129032258,5.0,0.0
0.4523809523809522,0.018760659465605463,0.03707865168539326,0.06947890818858561,0.0020843672456575687,0.2222222222222222,0.7379032258064516,0.004000604838709678,0.013266129032258064,0.0018548387096774194,0.04314516129032258,5.0,0.0
0.3333333333333332,0.00739056281978397,0.03146067415730337,0.12406947890818859,0.0013895781637717124,0.2037037037037037,0.3951612903225806,0.00399483870967742,0.012741935483870969,0.0014919354838709678,0.04475806451612903,7.0,0.0
0.6428571428571429,0.010801591813530418,0.03932584269662921,0.3027295285359802,0.001240694789081886,0.09259259259259259,0.16129032258064516,0.004001774193548387,0.01125,0.002096774193548387,0.04395161290322581,5.0,0.0
0.47619047619047616,0.03240477544059125,0.026966292134831458,0.1339950372208437,8.436724565756825E-4,0.2037037037037037,0.3225806451612903,0.003995322580645161,0.01221774193548387,0.0014919354838709678,0.046370967741935484,5.0,0.0
0.1666666666666667,0.040363843092666295,0.016853932584269662,0.10421836228287842,0.0012903225806451613,0.26851851851851855,0.5241935483870968,0.003990040322580646,0.013669354838709678,0.003104838709677419,0.05403225806451613,8.0,0.0
0.5238095238095238,0.033541785105173395,0.019101123595505618,0.6401985111662531,0.0016377171215880895,0.5462962962962963,0.75,0.0040223387096774196,0.012419354838709677,0.001975806451612903,0.03790322580645161,5.0,0.0
0.5238095238095238,0.033541785105173395,0.019101123595505618,0.6401985111662531,0.0016377171215880895,0.5462962962962963,0.75,0.0040223387096774196,0.012419354838709677,0.001975806451612903,0.03790322580645161,5.0,0.0
0.5238095238095238,0.033541785105173395,0.019101123595505618,0.6401985111662531,0.0016377171215880895,0.5462962962962963,0.75,0.0040223387096774196,0.012419354838709677,0.001975806451612903,0.03790322580645161,5.0,0.0
0.5238095238095238,0.033541785105173395,0.019101123595505618,0.6401985111662531,0.0016377171215880895,0.5462962962962963,0.75,0.0040223387096774196,0.012419354838709677,0.001975806451612903,0.03790322580645161,5.0,0.0
0.07142857142857138,0.05741898806139852,0.013483146067415729,0.06451612903225808,4.466501240694789E-4,0.6018518518518519,0.4032258064516129,0.003981451612903226,0.01314516129032258,0.0014919354838709678,0.05443548387096774,5.0,0.0
0.47619047619047616,0.03581580443433769,0.043820224719101124,0.6004962779156328,0.0019851116625310174,0.5648148148148148,1.0,0.004023951612903226,0.013346774193548388,0.0023387096774193546,0.03911290322580645,5.0,0.0
0.5238095238095238,0.025582717453098355,0.0348314606741573,0.3821339950372209,0.0019851116625310174,0.26851851851851855,0.5443548387096774,0.004001048387096774,0.01254032258064516,0.0022983870967741935,0.04959677419354839,5.0,0.0
0.3809523809523809,0.00511654349061967,0.033707865168539325,0.06947890818858561,0.0010918114143920596,0.35185185185185186,0.4032258064516129,0.003995927419354839,0.013790322580645161,0.0022983870967741935,0.04596774193548387,7.0,0.0
0.4285714285714285,0.024445707788516204,0.05056179775280899,0.3821339950372209,0.0010918114143920596,0.28703703703703703,0.3911290322580645,0.00399733870967742,0.012903225806451613,0.00282258064516129,0.05120967741935484,7.0,0.0
0.47619047619047616,0.03581580443433769,0.043820224719101124,0.6004962779156328,0.0019851116625310174,0.5648148148148148,1.0,0.004023951612903226,0.013346774193548388,0.0023387096774193546,0.03911290322580645,5.0,0.0
0.40476190476190477,0.018760659465605463,0.05056179775280899,0.41191066997518616,0.002481389578163772,0.48148148148148145,0.7903225806451613,0.004014112903225807,0.01282258064516129,0.001935483870967742,0.038306451612903226,5.0,0.0
0.21428571428571416,0.009664582148948267,0.0348314606741573,0.1339950372208437,0.0013399503722084367,0.10185185185185185,0.4032258064516129,0.003990483870967742,0.013951612903225807,0.0016129032258064516,0.0532258064516129,7.0,0.0
0.6428571428571429,0.021034678794769755,0.053932584269662916,0.6352357320099257,0.001836228287841191,0.5694444444444444,0.7338709677419355,0.004024516129032258,0.01217741935483871,0.001370967741935484,0.035483870967741936,5.0,0.0
0.40476190476190477,0.026719727117680506,0.04943820224719101,0.40694789081885857,0.0021339950372208437,0.5,0.8104838709677419,0.004014153225806452,0.01282258064516129,0.001935483870967742,0.038306451612903226,5.0,0.0
0.4523809523809522,0.018760659465605463,0.058426966292134834,0.40198511166253104,0.002183622828784119,0.49074074074074076,0.8145161290322581,0.004014032258064517,0.01282258064516129,0.001935483870967742,0.038306451612903226,5.0,0.0
0.40476190476190477,0.018760659465605463,0.05056179775280899,0.41191066997518616,0.002481389578163772,0.48148148148148145,0.7903225806451613,0.004014112903225807,0.01282258064516129,0.001935483870967742,0.038306451612903226,5.0,0.0
0.4285714285714285,0.017623649801023312,0.056179775280898875,0.3970223325062035,0.002531017369727047,0.42592592592592593,0.7943548387096774,0.004013548387096774,0.01282258064516129,0.0018951612903225805,0.038306451612903226,5.0,0.0
0.19047619047619044,0.015349630471859011,0.05056179775280899,0.08436724565756824,0.00228287841191067,0.2037037037037037,0.45564516129032256,0.004000967741935484,0.012983870967741937,0.001935483870967742,0.04032258064516129,5.0,0.0
0.5476190476190476,0.03240477544059125,0.023595505617977526,0.5310173697270472,0.004863523573200993,0.12037037037037036,0.36693548387096775,0.004018427419354839,0.01221774193548387,0.0018951612903225805,0.037500000000000006,5.0,0.0
0.7619047619047619,0.011938601478112564,0.043820224719101124,0.09925558312655088,0.0028287841191067,0.19444444444444445,0.5564516129032258,0.003999032258064516,0.012298387096774192,0.002096774193548387,0.04395161290322581,5.0,0.0
0.5476190476190476,0.022171688459351906,0.03146067415730337,0.10918114143920597,0.0020843672456575687,0.19444444444444445,0.7137096774193549,0.003998629032258064,0.012903225806451613,0.0022983870967741935,0.04596774193548387,5.0,0.0
0.8095238095238093,0.010801591813530418,0.033707865168539325,0.06451612903225808,0.0017866004962779156,0.06481481481481481,0.1975806451612903,0.004001693548387097,0.012056451612903227,0.002943548387096774,0.04153225806451613,5.0,0.0
0.7619047619047619,0.011938601478112564,0.043820224719101124,0.09925558312655088,0.0028287841191067,0.19444444444444445,0.5564516129032258,0.003999032258064516,0.012298387096774192,0.002096774193548387,0.04395161290322581,5.0,0.0
0.8095238095238093,0.010801591813530418,0.033707865168539325,0.06451612903225808,0.0017866004962779156,0.06481481481481481,0.1975806451612903,0.004001693548387097,0.012056451612903227,0.002943548387096774,0.04153225806451613,5.0,0.0
0.5476190476190476,0.03240477544059125,0.023595505617977526,0.5310173697270472,0.004863523573200993,0.12037037037037036,0.36693548387096775,0.004018427419354839,0.01221774193548387,0.0018951612903225805,0.037500000000000006,5.0,0.0
0.4999999999999999,0.011938601478112564,0.0696629213483146,0.31761786600496283,0.0020347394540942932,0.06481481481481481,0.45564516129032256,0.004006370967741936,0.011935483870967743,0.002379032258064516,0.04112903225806451,5.0,0.0
0.5952380952380952,0.01989766913018761,0.04269662921348315,0.09925558312655088,0.0025806451612903226,0.21296296296296297,0.6290322580645161,0.003996774193548387,0.012620967741935484,0.002096774193548387,0.04475806451612903,5.0,0.0
0.7619047619047619,0.011938601478112564,0.043820224719101124,0.09925558312655088,0.0028287841191067,0.19444444444444445,0.5564516129032258,0.003999032258064516,0.012298387096774192,0.002096774193548387,0.04395161290322581,5.0,0.0
0.5476190476190476,0.022171688459351906,0.03146067415730337,0.10918114143920597,0.0020843672456575687,0.19444444444444445,0.7137096774193549,0.003998629032258064,0.012903225806451613,0.0022983870967741935,0.04596774193548387,5.0,0.0
0.6428571428571429,0.026719727117680506,0.03146067415730337,0.6004962779156328,0.0024317617866004967,0.28703703703703703,0.6008064516129032,0.004019233870967742,0.012983870967741937,0.001975806451612903,0.04153225806451613,5.0,0.0
0.3809523809523809,0.036952814098919845,0.03595505617977528,0.4367245657568239,0.0020843672456575687,0.16666666666666666,0.4274193548387097,0.003998870967741936,0.013225806451612903,0.0013306451612903226,0.052016129032258066,7.0,0.0
0.4999999999999999,0.03467879476975554,0.033707865168539325,0.4367245657568239,0.0022332506203473945,0.25925925925925924,0.5282258064516129,0.004013306451612903,0.012580645161290323,0.002379032258064516,0.03991935483870968,5.0,0.0
0.3809523809523809,0.022171688459351906,0.02247191011235955,0.18362282878411912,0.0019354838709677422,0.3148148148148148,0.532258064516129,0.003998306451612903,0.012096774193548387,0.001532258064516129,0.04314516129032258,5.0,0.0
0.47619047619047616,0.017623649801023312,0.0550561797752809,0.40198511166253104,0.0025806451612903226,0.4444444444444444,0.7943548387096774,0.004014435483870968,0.012862903225806452,0.001935483870967742,0.038306451612903226,5.0,0.0
0.619047619047619,0.015349630471859011,0.033707865168539325,0.12406947890818859,0.0020843672456575687,0.28703703703703703,0.41935483870967744,0.003996370967741935,0.012298387096774192,0.0022580645161290325,0.04556451612903226,7.0,0.0
0.09523809523809511,0.014212620807276862,0.020224719101123594,0.04962779156327544,0.002630272952853598,0.12037037037037036,0.39919354838709675,0.003990161290322581,0.012983870967741937,0.0015725806451612903,0.046370967741935484,5.0,0.0
0.5714285714285713,0.03808982376350199,0.025842696629213482,0.2878411910669975,0.0017369727047146404,0.2222222222222222,0.4032258064516129,0.003994435483870968,0.012701612903225806,0.0022983870967741935,0.0532258064516129,7.0,0.0
0.023809523809523725,0.017623649801023312,0.025842696629213482,0.5260545905707196,0.001687344913151365,0.21296296296296297,0.4475806451612903,0.004002983870967741,0.013951612903225807,0.0011290322580645162,0.046370967741935484,7.0,0.0
0.4999999999999999,0.023308698123934057,0.021348314606741574,0.17369727047146402,0.004267990074441687,0.2777777777777778,0.5241935483870968,0.004004032258064516,0.011411290322580646,0.0017741935483870969,0.03870967741935484,5.0,0.0
0.4999999999999999,0.023308698123934057,0.021348314606741574,0.17369727047146402,0.004267990074441687,0.2777777777777778,0.5241935483870968,0.004004032258064516,0.011411290322580646,0.0017741935483870969,0.03870967741935484,5.0,0.0
0.4285714285714285,0.03467879476975554,0.024719101123595506,0.23821339950372208,0.0025806451612903226,0.4537037037037037,0.5725806451612904,0.004010483870967742,0.012661290322580645,0.0025,0.037096774193548385,5.0,0.0
0.35714285714285715,0.023308698123934057,0.025842696629213482,0.16377171215880892,0.0025806451612903226,0.3148148148148148,0.45564516129032256,0.004009233870967742,0.012741935483870969,0.001935483870967742,0.03387096774193549,5.0,0.0
0.4285714285714285,0.03467879476975554,0.024719101123595506,0.23821339950372208,0.0025806451612903226,0.4537037037037037,0.5725806451612904,0.004010483870967742,0.012661290322580645,0.0025,0.037096774193548385,5.0,0.0
0.35714285714285715,0.023308698123934057,0.025842696629213482,0.16377171215880892,0.0025806451612903226,0.3148148148148148,0.45564516129032256,0.004009233870967742,0.012741935483870969,0.001935483870967742,0.03387096774193549,5.0,0.0
0.6666666666666666,0.026719727117680506,0.03146067415730337,0.19851116625310175,0.0013895781637717124,0.42592592592592593,0.4032258064516129,0.003990241935483871,0.012903225806451613,0.0020161290322580645,0.0532258064516129,7.0,0.0
0.40476190476190477,0.024445707788516204,0.025842696629213482,0.8039702233250621,0.002729528535980149,0.3333333333333333,0.7096774193548387,0.004026612903225806,0.01314516129032258,0.00217741935483871,0.03669354838709677,5.0,0.0
0.40476190476190477,0.024445707788516204,0.025842696629213482,0.8039702233250621,0.002729528535980149,0.3333333333333333,0.7096774193548387,0.004026612903225806,0.01314516129032258,0.00217741935483871,0.03669354838709677,5.0,0.0
0.833333333333333,0.023308698123934057,0.04831460674157303,0.34739454094292804,0.0023325062034739454,0.16666666666666666,0.35080645161290325,0.0040172580645161295,0.013024193548387096,0.0025806451612903226,0.042741935483870966,5.0,0.0
0.28571428571428575,0.00739056281978397,0.03258426966292134,0.15384615384615385,0.001488833746898263,0.2962962962962963,0.4959677419354839,0.003988427419354838,0.01375,0.0013306451612903226,0.05524193548387096,7.0,0.0
0.4523809523809522,0.024445707788516204,0.029213483146067417,0.228287841191067,0.0015384615384615385,0.24074074074074073,0.4838709677419355,0.00399991935483871,0.013709677419354839,0.002943548387096774,0.05040322580645161,7.0,0.0
0.619047619047619,0.01648664013644116,0.029213483146067417,0.35732009925558317,0.0023821339950372213,0.48148148148148145,0.8346774193548387,0.004015604838709678,0.012580645161290323,0.0014919354838709678,0.037096774193548385,5.0,0.0
0.619047619047619,0.01648664013644116,0.029213483146067417,0.35732009925558317,0.0023821339950372213,0.48148148148148145,0.8346774193548387,0.004015604838709678,0.012580645161290323,0.0014919354838709678,0.037096774193548385,5.0,0.0
0.4523809523809522,0.03240477544059125,0.024719101123595506,0.19851116625310175,0.0018858560794044665,0.1574074074074074,0.3951612903225806,0.003992661290322581,0.01310483870967742,0.0021370967741935485,0.05241935483870968,7.0,0.0
0.619047619047619,0.01648664013644116,0.029213483146067417,0.35732009925558317,0.0023821339950372213,0.48148148148148145,0.8346774193548387,0.004015604838709678,0.012580645161290323,0.0014919354838709678,0.037096774193548385,5.0,0.0
0.6904761904761904,0.03013075611142695,0.05730337078651685,0.5806451612903226,0.004665012406947891,0.5370370370370371,0.7298387096774194,0.004023225806451613,0.011733870967741936,0.002056451612903226,0.036290322580645164,5.0,0.0
0.47619047619047616,0.017623649801023312,0.05730337078651685,0.3970223325062035,0.003076923076923077,0.46296296296296297,0.782258064516129,0.00401391129032258,0.012620967741935484,0.0020161290322580645,0.03870967741935484,5.0,0.0
0.6428571428571429,0.013075611142694713,0.030337078651685393,0.07940446650124071,0.0028287841191067,0.4166666666666667,0.3951612903225806,0.004003991935483871,0.013266129032258064,0.0017741935483870969,0.03991935483870968,7.0,0.0
0.3333333333333332,0.013075611142694713,0.03146067415730337,0.8213399503722085,0.0029280397022332506,0.5,0.5443548387096774,0.00401875,0.012903225806451613,0.001532258064516129,0.04233870967741935,5.0,0.0
0.5714285714285713,0.01989766913018761,0.0348314606741573,0.07444168734491316,0.002630272952853598,0.18518518518518517,0.3951612903225806,0.003994717741935484,0.012701612903225806,0.0020161290322580645,0.04596774193548387,5.0,0.0
0.4285714285714285,0.02785673678226265,0.0348314606741573,0.5062034739454094,0.0034243176178660054,0.5370370370370371,0.6854838709677419,0.00401983870967742,0.01282258064516129,0.001975806451612903,0.03790322580645161,5.0,0.0
0.5714285714285713,0.010801591813530418,0.041573033707865165,0.07444168734491316,0.0024317617866004967,0.25925925925925924,0.5201612903225806,0.004001048387096774,0.012701612903225806,0.002096774193548387,0.043548387096774194,5.0,0.0
0.5714285714285713,0.010801591813530418,0.041573033707865165,0.07444168734491316,0.0024317617866004967,0.25925925925925924,0.5201612903225806,0.004001048387096774,0.012701612903225806,0.002096774193548387,0.043548387096774194,5.0,0.0
0.3095238095238095,0.011938601478112564,0.033707865168539325,0.4317617866004963,0.0017866004962779156,0.4351851851851852,0.5120967741935484,0.004006774193548387,0.01282258064516129,0.0015725806451612903,0.042741935483870966,5.0,0.0
0.5476190476190476,0.026719727117680506,0.011235955056179775,0.17369727047146402,0.002183622828784119,0.1574074074074074,0.2540322580645161,0.004006854838709678,0.012137096774193548,0.0015725806451612903,0.037096774193548385,5.0,0.0
0.9047619047619047,0.014212620807276862,0.038202247191011236,0.06451612903225808,0.0017369727047146404,0.5,0.4435483870967742,0.003999032258064516,0.012379032258064516,0.002217741935483871,0.04435483870967742,7.0,0.0
0.3095238095238095,0.011938601478112564,0.033707865168539325,0.4317617866004963,0.0017866004962779156,0.4351851851851852,0.5120967741935484,0.004006774193548387,0.01282258064516129,0.0015725806451612903,0.042741935483870966,5.0,0.0
0.5476190476190476,0.026719727117680506,0.011235955056179775,0.17369727047146402,0.002183622828784119,0.1574074074074074,0.2540322580645161,0.004006854838709678,0.012137096774193548,0.0015725806451612903,0.037096774193548385,5.0,0.0
0.07142857142857138,0.039795338260375214,0.020224719101123594,0.09429280397022333,0.0017866004962779156,0.3055555555555556,0.4274193548387097,0.003981693548387097,0.012943548387096774,0.003346774193548387,0.056451612903225805,7.0,0.0
0.4285714285714285,0.025582717453098355,0.033707865168539325,0.18858560794044665,0.0017866004962779156,0.3148148148148148,0.3548387096774194,0.003993064516129032,0.01310483870967742,0.002540322580645161,0.05040322580645161,7.0,0.0
0.4285714285714285,0.025582717453098355,0.033707865168539325,0.18858560794044665,0.0017866004962779156,0.3148148148148148,0.3548387096774194,0.003993064516129032,0.01310483870967742,0.002540322580645161,0.05040322580645161,7.0,0.0
0.47619047619047616,0.023308698123934057,0.033707865168539325,0.11910669975186104,0.0018858560794044665,0.2777777777777778,0.3346774193548387,0.003986572580645161,0.012459677419354838,0.0014516129032258063,0.05161290322580645,7.0,0.0
0.35714285714285715,0.03240477544059125,0.026966292134831458,0.23821339950372208,0.001836228287841191,0.4166666666666667,0.5564516129032258,0.003998951612903225,0.013024193548387096,0.0017338709677419354,0.04516129032258064,7.0,0.0
0.35714285714285715,0.03240477544059125,0.026966292134831458,0.23821339950372208,0.001836228287841191,0.4166666666666667,0.5564516129032258,0.003998951612903225,0.013024193548387096,0.0017338709677419354,0.04516129032258064,7.0,0.0
0.4285714285714285,0.025582717453098355,0.033707865168539325,0.18858560794044665,0.0017866004962779156,0.3148148148148148,0.3548387096774194,0.003993064516129032,0.01310483870967742,0.002540322580645161,0.05040322580645161,7.0,0.0
0.35714285714285715,0.03240477544059125,0.026966292134831458,0.23821339950372208,0.001836228287841191,0.4166666666666667,0.5564516129032258,0.003998951612903225,0.013024193548387096,0.0017338709677419354,0.04516129032258064,7.0,0.0
0.0,0.039795338260375214,0.020224719101123594,0.09429280397022333,0.0017866004962779156,0.3055555555555556,0.4274193548387097,0.003981693548387097,0.012943548387096774,0.003346774193548387,0.056451612903225805,7.0,0.0
0.35714285714285715,0.01989766913018761,0.05730337078651685,0.39205955334987597,0.0027791563275434247,0.4537037037037037,0.8306451612903226,0.004014516129032258,0.01282258064516129,0.002096774193548387,0.03790322580645161,5.0,0.0
0.40476190476190477,0.02785673678226265,0.03146067415730337,0.07940446650124071,0.001836228287841191,0.28703703703703703,0.45564516129032256,0.0039830241935483865,0.012580645161290323,0.0016129032258064516,0.05725806451612903,7.0,0.0
0.619047619047619,0.028993746446844798,0.038202247191011236,0.7344913151364765,0.0028287841191067,0.42592592592592593,0.6975806451612904,0.004022217741935484,0.012661290322580645,0.0022983870967741935,0.04112903225806451,5.0,0.0
0.47619047619047616,0.023308698123934057,0.033707865168539325,0.11910669975186104,0.0018858560794044665,0.2777777777777778,0.3346774193548387,0.003986572580645161,0.012459677419354838,0.0014516129032258063,0.05161290322580645,7.0,0.0
0.9285714285714284,0.023308698123934057,0.033707865168539325,0.044665012406947896,0.0022332506203473945,0.14814814814814814,0.43951612903225806,0.004001975806451613,0.011895161290322582,0.0015725806451612903,0.0407258064516129,5.0,0.0
0.9285714285714284,0.023308698123934057,0.033707865168539325,0.044665012406947896,0.0022332506203473945,0.14814814814814814,0.43951612903225806,0.004001975806451613,0.011895161290322582,0.0015725806451612903,0.0407258064516129,5.0,0.0
0.9285714285714284,0.013075611142694713,0.03707865168539326,0.05955334987593052,0.0015384615384615385,0.35185185185185186,0.38306451612903225,0.004001572580645161,0.011411290322580646,0.00125,0.04153225806451613,5.0,0.0
0.4285714285714285,0.013075611142694713,0.0348314606741573,0.19354838709677422,0.00228287841191067,0.1574074074074074,0.4274193548387097,0.003995887096774194,0.012701612903225806,0.00125,0.046370967741935484,5.0,0.0
0.4523809523809522,0.024445707788516204,0.05280898876404494,0.7741935483870969,0.003126550868486353,0.25,0.6975806451612904,0.004027096774193549,0.01282258064516129,0.0022580645161290325,0.036290322580645164,5.0,0.0
0.4523809523809522,0.024445707788516204,0.05280898876404494,0.7741935483870969,0.003126550868486353,0.25,0.6975806451612904,0.004027096774193549,0.01282258064516129,0.0022580645161290325,0.036290322580645164,5.0,0.0
0.5238095238095238,0.013075611142694713,0.03146067415730337,0.38709677419354843,0.002481389578163772,0.39814814814814814,0.46774193548387094,0.00400508064516129,0.012983870967741937,0.0024193548387096775,0.046370967741935484,8.0,0.0
0.5476190476190476,0.040363843092666295,0.02247191011235955,0.8287841191066998,0.00228287841191067,0.46296296296296297,0.7419354838709677,0.004028145161290323,0.012419354838709677,0.0022580645161290325,0.03790322580645161,5.0,0.0
0.4285714285714285,0.028993746446844798,0.04044943820224719,0.33250620347394544,0.009181141439205957,0.47685185185185186,0.6088709677419355,0.004013225806451613,0.012782258064516128,0.0016935483870967741,0.037500000000000006,5.0,0.0
0.5238095238095238,0.033541785105173395,0.041573033707865165,0.4416873449131514,0.002630272952853598,0.3333333333333333,0.5967741935483871,0.0040161290322580645,0.012741935483870969,0.0020161290322580645,0.037500000000000006,5.0,0.0
0.04761904761904766,0.027288231949971573,0.038202247191011236,0.04962779156327544,0.00337468982630273,0.2962962962962963,0.5766129032258065,0.0039975,0.013064516129032259,0.0016129032258064516,0.0407258064516129,5.0,0.0
0.3333333333333332,0.022171688459351906,0.03595505617977528,0.10918114143920597,0.0020843672456575687,0.37962962962962965,0.5725806451612904,0.00399,0.013346774193548388,0.0017741935483870969,0.05120967741935484,7.0,0.0
0.23809523809523808,0.0039795338260375235,0.033707865168539325,0.2679900744416874,0.0022332506203473945,0.24074074074074073,0.42338709677419356,0.004010846774193548,0.013387096774193547,0.0018145161290322581,0.037500000000000006,5.0,0.0
0.5238095238095238,0.033541785105173395,0.041573033707865165,0.4416873449131514,0.002630272952853598,0.3333333333333333,0.5967741935483871,0.0040161290322580645,0.012741935483870969,0.0020161290322580645,0.037500000000000006,5.0,0.0
0.04761904761904766,0.027288231949971573,0.038202247191011236,0.04962779156327544,0.00337468982630273,0.2962962962962963,0.5766129032258065,0.0039975,0.013064516129032259,0.0016129032258064516,0.0407258064516129,5.0,0.0
0.3809523809523809,0.025582717453098355,0.02247191011235955,0.8883374689826302,0.003275434243176179,0.3333333333333333,0.6491935483870968,0.004028629032258065,0.012661290322580645,0.002056451612903226,0.035483870967741936,5.0,0.0
0.8809523809523809,0.013075611142694713,0.033707865168539325,0.06451612903225808,0.0018858560794044665,0.4166666666666667,0.49193548387096775,0.003999112903225807,0.012620967741935484,0.00217741935483871,0.043548387096774194,7.0,0.0
0.3809523809523809,0.025582717453098355,0.02247191011235955,0.8883374689826302,0.003275434243176179,0.3333333333333333,0.6491935483870968,0.004028629032258065,0.012661290322580645,0.002056451612903226,0.035483870967741936,5.0,0.0
0.1666666666666667,0.015349630471859011,0.020224719101123594,0.1141439205955335,0.002481389578163772,0.2037037037037037,0.5846774193548387,0.004000282258064516,0.013064516129032259,0.0018548387096774194,0.04153225806451613,5.0,0.0
0.7142857142857143,0.023308698123934057,0.04044943820224719,0.21339950372208438,0.0012903225806451613,0.1388888888888889,0.35080645161290325,0.003998064516129032,0.01254032258064516,0.001935483870967742,0.04838709677419355,5.0,0.0
0.6904761904761904,0.03240477544059125,0.051685393258426963,0.5806451612903226,0.004168734491315137,0.5092592592592593,0.6854838709677419,0.004023104838709678,0.011733870967741936,0.002056451612903226,0.036290322580645164,5.0,0.0
0.5952380952380952,0.05400795906765207,0.030337078651685393,0.2878411910669975,0.0015880893300248141,0.37037037037037035,0.47580645161290325,0.003995483870967742,0.012782258064516128,0.0021370967741935485,0.05241935483870968,7.0,0.0
0.3095238095238095,0.026719727117680506,0.03595505617977528,0.18858560794044665,0.002183622828784119,0.12037037037037036,0.46774193548387094,0.003996290322580645,0.013669354838709678,0.0017741935483870969,0.047580645161290326,7.0,0.0
0.6666666666666666,0.02785673678226265,0.053932584269662916,0.6153846153846154,0.0027791563275434247,0.5648148148148148,0.7116935483870968,0.004024314516129032,0.011975806451612904,0.002096774193548387,0.035483870967741936,5.0,0.0
0.47619047619047616,0.008527572484366117,0.0348314606741573,0.5260545905707196,0.0017369727047146404,0.3888888888888889,0.5766129032258065,0.004015,0.012419354838709677,0.001975806451612903,0.03951612903225807,7.0,0.0
0.3333333333333332,0.015349630471859011,0.029213483146067417,0.08436724565756824,0.0016377171215880895,0.5648148148148148,0.5403225806451613,0.003993145161290322,0.012862903225806452,0.0032661290322580647,0.04798387096774194,7.0,0.0
0.5476190476190476,0.024445707788516204,0.03258426966292134,0.3771712158808933,0.001240694789081886,0.32407407407407407,0.5,0.003998467741935484,0.012701612903225806,0.002620967741935484,0.05161290322580645,7.0,0.0
0.4285714285714285,0.021034678794769755,0.05955056179775281,0.08436724565756824,0.0019851116625310174,0.37962962962962965,0.7741935483870968,0.004000806451612903,0.01314516129032258,0.002379032258064516,0.041935483870967745,7.0,0.0
0.3333333333333332,0.013075611142694713,0.028089887640449437,0.6004962779156328,0.0017369727047146404,0.5,0.5443548387096774,0.00401133064516129,0.012943548387096774,0.0016129032258064516,0.04314516129032258,5.0,0.0
0.3809523809523809,0.013075611142694713,0.030337078651685393,0.22332506203473948,0.0017866004962779156,0.75,0.6330645161290323,0.004003225806451613,0.012298387096774192,0.003064516129032258,0.04314516129032258,7.0,0.0
0.3333333333333332,0.015349630471859011,0.029213483146067417,0.08436724565756824,0.0016377171215880895,0.5648148148148148,0.5403225806451613,0.003993145161290322,0.012862903225806452,0.0032661290322580647,0.04798387096774194,7.0,0.0
0.5476190476190476,0.024445707788516204,0.03258426966292134,0.3771712158808933,0.001240694789081886,0.32407407407407407,0.5,0.003998467741935484,0.012701612903225806,0.002620967741935484,0.05161290322580645,7.0,0.0
0.5238095238095238,0.010801591813530418,0.046067415730337076,0.054590570719602986,0.002977667493796526,0.3333333333333333,0.41935483870967744,0.004004717741935484,0.012056451612903227,0.0015725806451612903,0.037096774193548385,5.0,0.0
0.47619047619047616,0.009664582148948267,0.03595505617977528,0.18362282878411912,0.0020347394540942932,0.24074074074074073,0.3064516129032258,0.003998911290322581,0.011693548387096775,0.0022983870967741935,0.04233870967741935,7.0,0.0
0.47619047619047616,0.01989766913018761,0.038202247191011236,0.4416873449131514,0.0023821339950372213,0.2962962962962963,0.4475806451612903,0.004010282258064516,0.01310483870967742,0.00217741935483871,0.04435483870967742,7.0,0.0
0.47619047619047616,0.01989766913018761,0.038202247191011236,0.4416873449131514,0.0023821339950372213,0.2962962962962963,0.4475806451612903,0.004010282258064516,0.01310483870967742,0.00217741935483871,0.04435483870967742,7.0,0.0
0.7857142857142856,0.03013075611142695,0.0348314606741573,0.23325062034739458,0.0018858560794044665,0.027777777777777776,0.5120967741935484,0.003999435483870968,0.011693548387096775,0.0029032258064516127,0.04879032258064516,5.0,0.0
0.47619047619047616,0.01989766913018761,0.038202247191011236,0.4416873449131514,0.0023821339950372213,0.2962962962962963,0.4475806451612903,0.004010282258064516,0.01310483870967742,0.00217741935483871,0.04435483870967742,7.0,0.0
0.3095238095238095,0.017623649801023312,0.03258426966292134,0.15384615384615385,0.0020347394540942932,0.3425925925925926,0.5806451612903226,0.003989677419354839,0.012983870967741937,0.0015725806451612903,0.05161290322580645,7.0,0.0
0.40476190476190477,0.01648664013644116,0.06404494382022471,0.04962779156327544,0.003076923076923077,0.19444444444444445,0.49193548387096775,0.004001532258064516,0.012096774193548387,0.0016129032258064516,0.038306451612903226,5.0,0.0
0.4285714285714285,0.0312677657760091,0.029213483146067417,0.2580645161290323,0.0020843672456575687,0.3055555555555556,0.45161290322580644,0.003994637096774193,0.012338709677419355,0.0020161290322580645,0.04959677419354839,7.0,0.0
0.40476190476190477,0.01648664013644116,0.06404494382022471,0.04962779156327544,0.003076923076923077,0.19444444444444445,0.49193548387096775,0.004001532258064516,0.012096774193548387,0.0016129032258064516,0.038306451612903226,5.0,0.0
0.3095238095238095,0.017623649801023312,0.03258426966292134,0.15384615384615385,0.0020347394540942932,0.3425925925925926,0.5806451612903226,0.003989677419354839,0.012983870967741937,0.0015725806451612903,0.05161290322580645,7.0,0.0
0.35714285714285715,0.024445707788516204,0.013483146067415729,0.23821339950372208,0.0026799007444168734,0.05555555555555555,0.3911290322580645,0.004009032258064516,0.012741935483870969,0.0020161290322580645,0.037500000000000006,5.0,0.0
0.5952380952380952,0.033541785105173395,0.026966292134831458,0.42183622828784123,0.002729528535980149,0.4166666666666667,0.6088709677419355,0.004017177419354838,0.012903225806451613,0.002096774193548387,0.037096774193548385,5.0,0.0
0.35714285714285715,0.024445707788516204,0.013483146067415729,0.23821339950372208,0.0026799007444168734,0.05555555555555555,0.3911290322580645,0.004009032258064516,0.012741935483870969,0.0020161290322580645,0.037500000000000006,5.0,0.0
0.5476190476190476,0.014212620807276862,0.04719101123595505,0.054590570719602986,0.003076923076923077,0.32407407407407407,0.4032258064516129,0.004004758064516129,0.012258064516129033,0.0016129032258064516,0.037096774193548385,5.0,0.0
0.5952380952380952,0.033541785105173395,0.026966292134831458,0.42183622828784123,0.002729528535980149,0.4166666666666667,0.6088709677419355,0.004017177419354838,0.012903225806451613,0.002096774193548387,0.037096774193548385,5.0,0.0
0.40476190476190477,0.017623649801023312,0.029213483146067417,0.054590570719602986,0.0025806451612903226,0.2037037037037037,0.7096774193548387,0.004004193548387097,0.012459677419354838,0.00217741935483871,0.037500000000000006,5.0,0.0
0.5238095238095238,0.009664582148948267,0.04269662921348315,0.05707196029776675,0.001141439205955335,0.2777777777777778,0.42338709677419356,0.00399383064516129,0.01254032258064516,0.001532258064516129,0.04596774193548387,5.0,0.0
0.40476190476190477,0.021034678794769755,0.06404494382022471,0.04962779156327544,0.002977667493796526,0.1388888888888889,0.4838709677419355,0.0040016129032258065,0.012338709677419355,0.0016532258064516129,0.038306451612903226,5.0,0.0
0.4999999999999999,0.018760659465605463,0.024719101123595506,0.8833746898263029,0.001687344913151365,0.14814814814814814,0.46774193548387094,0.004027822580645162,0.012379032258064516,0.0021370967741935485,0.037096774193548385,5.0,0.0
0.4999999999999999,0.018760659465605463,0.024719101123595506,0.8833746898263029,0.001687344913151365,0.14814814814814814,0.46774193548387094,0.004027822580645162,0.012379032258064516,0.0021370967741935485,0.037096774193548385,5.0,0.0
0.619047619047619,0.025582717453098355,0.024719101123595506,0.06947890818858561,0.0020347394540942932,0.37037037037037035,0.7137096774193549,0.004003508064516129,0.012661290322580645,0.001935483870967742,0.03991935483870968,5.0,0.0
0.619047619047619,0.026719727117680506,0.024719101123595506,0.06947890818858561,0.002183622828784119,0.39814814814814814,0.7096774193548387,0.004003467741935484,0.012661290322580645,0.0018548387096774194,0.03991935483870968,5.0,0.0
0.40476190476190477,0.021034678794769755,0.06404494382022471,0.04962779156327544,0.002977667493796526,0.1388888888888889,0.4838709677419355,0.0040016129032258065,0.012338709677419355,0.0016532258064516129,0.038306451612903226,5.0,0.0
